3.444647898069667e-05
3.169076066224089e-05
3.444647898069667e-05
3.720219729915245e-05
3.169076066224089e-05
3.9957915617608246e-05
4.82250705729756e-05
4.82250705729756e-05
5.373650720988717e-05
5.373650720988717e-05
5.373650720988717e-05
5.649222552834297e-05
5.649222552834297e-05
5.9247943846798756e-05
6.200366216525454e-05
6.200366216525454e-05
7.02708171206219e-05
7.578225375753347e-05
8.68051270313566e-05
9.23165636682682e-05
9.23165636682682e-05
9.782800030517979e-05
9.782800030517979e-05
9.782800030517979e-05
0.00010885087357900291
0.00011987374685282605
0.00012814090180819342
0.00013916377508201656
0.00015294236667429551
0.0001694766765850302
0.00017774383154039756
0.00019152242313267648
0.00020254529640649968
0.0002135681696803228
0.00022459104295414594
0.00023561391622796914
0.0002383696345464249
0.00023561391622796914
0.0002383696345464249
0.0002383696345464249
0.0002383696345464249
0.00023285819790951333
0.0002218353246356902
0.00021632388799877858
0.0002135681696803228
0.00020530101472495543
0.00019427814145113231
0.0001694766765850302
0.00016396523994811866
0.0001556980849927513
0.00014467521171892812
0.00013916377508201656
0.00013089662012664922
0.00012262946517128183
0.00011436231021591448
0.00010333943694209132
9.507228198672396e-05
8.956084534981241e-05
7.853797207598924e-05
7.02708171206219e-05
5.9247943846798756e-05
4.82250705729756e-05
4.271363393606403e-05
3.720219729915245e-05
2.8935042343785094e-05
1.7912169069961946e-05
1.2400732433050376e-05
6.8892957961388014e-06
-1.377859159228559e-06
-6.889295796140132e-06
-9.64501411459592e-06
-1.7912169069963278e-05
-2.342360570687485e-05
-2.8935042343786426e-05
-2.8935042343786426e-05
-2.6179324025330647e-05
-3.169076066224221e-05
-3.4446478980697995e-05
-3.995791561760957e-05
-3.995791561760957e-05
-2.6179324025330647e-05
-1.240073243305171e-05
1.3778591592272275e-06
1.2400732433050376e-05
1.5156450751506162e-05
1.5156450751506162e-05
9.64501411459459e-06
1.2400732433050376e-05
2.8935042343785094e-05
5.098078889143139e-05
7.30265354390777e-05
8.68051270313566e-05
9.507228198672396e-05
9.507228198672396e-05
8.129369039444505e-05
7.02708171206219e-05
6.475938048371032e-05
4.82250705729756e-05
2.8935042343785094e-05
6.8892957961388014e-06
-1.240073243305171e-05
-2.066788738841907e-05
-2.6179324025330647e-05
-2.342360570687485e-05
-2.066788738841907e-05
-2.066788738841907e-05
-1.5156450751507488e-05
-1.5156450751507488e-05
-1.5156450751507488e-05
-1.240073243305171e-05
-1.240073243305171e-05
-6.889295796140132e-06
-9.64501411459592e-06
-9.64501411459592e-06
-1.7912169069963278e-05
-6.200366216525588e-05
-7.57822537575348e-05
-5.9247943846800084e-05
6.8892957961388014e-06
0.0001253851834897376
0.0003348197756923775
0.0005222086213473709
0.0005883458609903097
0.0004918957198443572
0.000315529747463187
0.00020805673304341124
5.649222552834297e-05
-0.00019152242313267784
-0.0003651326771953924
-0.0003403312123292903
-0.0002218353246356915
-9.78280003051811e-05
-2.066788738841907e-05
6.8892957961388014e-06
1.2400732433050376e-05
2.066788738841773e-05
3.169076066224089e-05
3.720219729915245e-05
3.9957915617608246e-05
3.9957915617608246e-05
3.444647898069667e-05
3.444647898069667e-05
3.9957915617608246e-05
4.546935225451981e-05
5.373650720988717e-05
5.649222552834297e-05
6.200366216525454e-05
6.200366216525454e-05
5.649222552834297e-05
6.200366216525454e-05
6.200366216525454e-05
6.200366216525454e-05
6.200366216525454e-05
5.9247943846798756e-05
6.200366216525454e-05
6.475938048371032e-05
7.30265354390777e-05
8.404940871290084e-05
9.23165636682682e-05
9.507228198672396e-05
9.782800030517979e-05
0.00010333943694209132
0.00011436231021591448
0.00011987374685282605
0.00013089662012664922
0.00014743093003738393
0.00015845380331120705
0.00017774383154039756
0.00018876670481422076
0.00020254529640649968
0.00021632388799877858
0.00022734676127260172
0.00024112535286488067
0.0002549039444571596
0.00026041538109407124
0.0002686825360494386
0.0002686825360494386
0.00027143825436789435
0.0002686825360494386
0.000263171099412527
0.0002576596627756154
0.00025214822613870384
0.0002493925078202481
0.00023561391622796914
0.00022459104295414594
0.00021632388799877858
0.000210812451361867
0.00020530101472495543
0.00019978957808804387
0.00018601098649576498
0.00018049954985885336
0.000172232394903486
0.00016396523994811866
0.0001556980849927513
0.00015018664835583973
0.00014467521171892812
0.00013640805676356078
0.0001253851834897376
0.00011160659189745871
9.507228198672396e-05
8.129369039444505e-05
7.02708171206219e-05
6.751509880216611e-05
6.475938048371032e-05
5.373650720988717e-05
4.271363393606403e-05
2.8935042343785094e-05
1.7912169069961946e-05
6.8892957961388014e-06
-4.133577477684346e-06
-1.240073243305171e-05
-2.6179324025330647e-05
-3.995791561760957e-05
-5.9247943846800084e-05
-8.956084534981374e-05
-0.00010885087357900426
-0.00012814090180819475
-0.00014743093003738526
-0.0001612095216296642
-0.0001584538033112084
-0.0001364080567635621
-0.00011436231021591582
-9.78280003051811e-05
-7.027081712062322e-05
-2.8935042343786426e-05
4.133577477683014e-06
1.2400732433050376e-05
1.2400732433050376e-05
2.3423605706873515e-05
2.6179324025329308e-05
2.6179324025329308e-05
3.720219729915245e-05
4.271363393606403e-05
3.9957915617608246e-05
3.9957915617608246e-05
2.6179324025329308e-05
1.2400732433050376e-05
3.169076066224089e-05
0.00010058371862363556
0.00019427814145113231
0.00032104118410009855
0.00042300276188296266
0.00042851419851987416
0.000315529747463187
0.00016120952162966288
5.098078889143139e-05
-9.78280003051811e-05
-0.0002989954375524536
-0.00037891126878767127
-0.0002824611276417188
-0.00014743093003738526
5.9247943846798756e-05
8.68051270313566e-05
0.00010058371862363556
0.00010885087357900291
0.00010333943694209132
9.782800030517979e-05
9.507228198672396e-05
9.507228198672396e-05
9.782800030517979e-05
0.00010333943694209132
0.00010609515526054714
0.00010609515526054714
0.00011160659189745871
0.00011711802853437029
0.00011711802853437029
0.00012262946517128183
0.00012814090180819342
0.00012814090180819342
0.00013089662012664922
0.00012814090180819342
0.0001253851834897376
0.0001253851834897376
0.0001253851834897376
0.00012814090180819342
0.00013089662012664922
0.00013365233844510492
0.00014191949340047234
0.00014743093003738393
0.00015294236667429551
0.00015845380331120705
0.00016120952162966288
0.0001694766765850302
0.00017774383154039756
0.00019152242313267648
0.00020530101472495543
0.0002135681696803228
0.0002218353246356902
0.00023010247959105753
0.0002383696345464249
0.0002493925078202481
0.0002493925078202481
0.0002493925078202481
0.0002493925078202481
0.0002549039444571596
0.0002549039444571596
0.00024388107118333642
0.00024112535286488067
0.0002383696345464249
0.00023285819790951333
0.0002218353246356902
0.00021632388799877858
0.00020805673304341124
0.00019427814145113231
0.0001832552681773092
0.00017498811322194178
0.00016396523994811866
0.00015294236667429551
0.00014743093003738393
0.00013640805676356078
0.00013089662012664922
0.00012814090180819342
0.00011711802853437029
0.00010609515526054714
9.507228198672396e-05
8.129369039444505e-05
7.30265354390777e-05
6.475938048371032e-05
6.200366216525454e-05
5.649222552834297e-05
4.546935225451981e-05
3.444647898069667e-05
2.6179324025329308e-05
1.5156450751506162e-05
4.133577477683014e-06
4.133577477683014e-06
-1.377859159228559e-06
-9.64501411459592e-06
-1.240073243305171e-05
-1.7912169069963278e-05
-1.7912169069963278e-05
-1.7912169069963278e-05
-2.342360570687485e-05
-2.066788738841907e-05
-2.342360570687485e-05
-2.342360570687485e-05
-2.342360570687485e-05
-2.342360570687485e-05
-2.066788738841907e-05
-2.066788738841907e-05
-2.342360570687485e-05
-1.7912169069963278e-05
-1.5156450751507488e-05
-1.240073243305171e-05
-1.5156450751507488e-05
-1.7912169069963278e-05
-1.240073243305171e-05
-6.889295796140132e-06
-4.133577477684346e-06
-1.377859159228559e-06
-4.133577477684346e-06
-4.133577477684346e-06
1.3778591592272275e-06
1.3778591592272275e-06
6.8892957961388014e-06
1.5156450751506162e-05
2.8935042343785094e-05
4.82250705729756e-05
6.200366216525454e-05
7.02708171206219e-05
7.02708171206219e-05
6.475938048371032e-05
6.475938048371032e-05
6.751509880216611e-05
8.68051270313566e-05
0.00010333943694209132
0.00011711802853437029
0.00013089662012664922
0.00013089662012664922
0.00011987374685282605
0.00010885087357900291
0.00010058371862363556
8.956084534981241e-05
7.02708171206219e-05
4.546935225451981e-05
2.066788738841773e-05
1.3778591592272275e-06
1.3778591592272275e-06
1.3778591592272275e-06
1.3778591592272275e-06
4.133577477683014e-06
4.133577477683014e-06
9.64501411459459e-06
9.64501411459459e-06
6.8892957961388014e-06
6.8892957961388014e-06
1.3778591592272275e-06
1.3778591592272275e-06
-1.377859159228559e-06
-1.5156450751507488e-05
-3.169076066224221e-05
-3.4446478980697995e-05
-6.889295796140132e-06
5.373650720988717e-05
0.0001694766765850302
0.0003375754940108332
0.0004670942549782553
0.0004946514381628131
0.00036788839551384685
0.00019427814145113231
8.68051270313566e-05
-5.098078889143272e-05
-0.0002108124513618684
-0.0003127740291447324
-0.00027970540932326305
-0.0001584538033112084
-5.098078889143272e-05
4.133577477683014e-06
2.3423605706873515e-05
2.8935042343785094e-05
2.8935042343785094e-05
3.169076066224089e-05
3.169076066224089e-05
3.720219729915245e-05
3.9957915617608246e-05
4.546935225451981e-05
5.649222552834297e-05
6.200366216525454e-05
7.02708171206219e-05
7.02708171206219e-05
7.02708171206219e-05
6.475938048371032e-05
6.200366216525454e-05
7.02708171206219e-05
7.30265354390777e-05
7.02708171206219e-05
7.578225375753347e-05
7.853797207598924e-05
8.129369039444505e-05
8.404940871290084e-05
8.68051270313566e-05
8.956084534981241e-05
8.956084534981241e-05
9.782800030517979e-05
0.00010333943694209132
0.00010609515526054714
0.00011160659189745871
0.00011711802853437029
0.0001253851834897376
0.00013916377508201656
0.00014467521171892812
0.00015018664835583973
0.00016120952162966288
0.00017498811322194178
0.00019152242313267648
0.00020254529640649968
0.00021632388799877858
0.00022734676127260172
0.00023561391622796914
0.00024663678950179223
0.00025214822613870384
0.0002549039444571596
0.0002576596627756154
0.0002549039444571596
0.0002549039444571596
0.00025214822613870384
0.00024112535286488067
0.0002383696345464249
0.00023010247959105753
0.00022459104295414594
0.0002190796063172344
0.000210812451361867
0.00020254529640649968
0.0001970338597695881
0.00019427814145113231
0.00018601098649576498
0.00017774383154039756
0.0001694766765850302
0.0001556980849927513
0.00014743093003738393
0.00013089662012664922
0.00011160659189745871
8.956084534981241e-05
5.9247943846798756e-05
3.444647898069667e-05
9.64501411459459e-06
-1.7912169069963278e-05
-3.995791561760957e-05
-7.302653543907902e-05
-9.507228198672531e-05
-9.507228198672531e-05
-0.00010058371862363688
-8.956084534981374e-05
-7.302653543907902e-05
-2.8935042343786426e-05
2.066788738841773e-05
2.8935042343785094e-05
2.6179324025329308e-05
2.8935042343785094e-05
2.3423605706873515e-05
2.6179324025329308e-05
3.169076066224089e-05
4.271363393606403e-05
4.82250705729756e-05
5.098078889143139e-05
5.649222552834297e-05
5.649222552834297e-05
4.546935225451981e-05
2.8935042343785094e-05
2.066788738841773e-05
4.82250705729756e-05
0.00010058371862363556
0.00020530101472495543
0.00035135408560311223
0.0004808728465705341
0.0005442543678950173
0.00048362856488898997
0.00031001831082627527
0.00012262946517128183
-6.200366216525588e-05
-0.00024939250782024937
-0.00037891126878767127
-0.00040095701533531767
-0.00037339983215075977
-0.0003375754940108345
-0.00030726259250782084
-0.00028797256427863044
-0.0002824611276417188
-0.0002521482261387052
-0.00020254529640650095
-0.000150186648355841
-7.57822537575348e-05
1.3778591592272275e-06
5.9247943846798756e-05
0.00011160659189745871
0.00012814090180819342
0.00013365233844510492
0.00013916377508201656
0.00014467521171892812
0.00015018664835583973
0.00015845380331120705
0.0001694766765850302
0.000172232394903486
0.00016672095826657444
0.00015845380331120705
0.00016396523994811866
0.0001694766765850302
0.0001694766765850302
0.000172232394903486
0.000172232394903486
0.000172232394903486
0.0001832552681773092
0.00018049954985885336
0.00018049954985885336
0.00018876670481422076
0.00019427814145113231
0.00020805673304341124
0.0002218353246356902
0.00023010247959105753
0.00023561391622796914
0.00024388107118333642
0.0002576596627756154
0.000263171099412527
0.0002686825360494386
0.0002741939726863501
0.0002769496910048059
0.0002824611276417174
0.0002824611276417174
0.0002824611276417174
0.0002824611276417174
0.0002741939726863501
0.0002686825360494386
0.00026041538109407124
0.0002493925078202481
0.00024388107118333642
0.00023561391622796914
0.00022734676127260172
0.0002218353246356902
0.00020530101472495543
0.00018876670481422076
0.00017498811322194178
0.00016120952162966288
0.00015294236667429551
0.00014191949340047234
0.00013640805676356078
0.00013365233844510492
0.00013365233844510492
0.0001253851834897376
0.00011160659189745871
0.00010058371862363556
9.507228198672396e-05
8.129369039444505e-05
7.30265354390777e-05
6.200366216525454e-05
4.82250705729756e-05
3.9957915617608246e-05
3.444647898069667e-05
2.6179324025329308e-05
2.3423605706873515e-05
1.7912169069961946e-05
9.64501411459459e-06
1.3778591592272275e-06
-1.377859159228559e-06
-4.133577477684346e-06
-4.133577477684346e-06
-6.889295796140132e-06
-9.64501411459592e-06
-6.889295796140132e-06
-6.889295796140132e-06
-9.64501411459592e-06
-9.64501411459592e-06
-1.240073243305171e-05
-6.889295796140132e-06
-6.889295796140132e-06
-6.889295796140132e-06
-1.377859159228559e-06
-1.377859159228559e-06
1.3778591592272275e-06
1.3778591592272275e-06
-4.133577477684346e-06
-4.133577477684346e-06
-4.133577477684346e-06
1.3778591592272275e-06
6.8892957961388014e-06
6.8892957961388014e-06
9.64501411459459e-06
6.8892957961388014e-06
4.133577477683014e-06
4.133577477683014e-06
-1.377859159228559e-06
-4.133577477684346e-06
-6.889295796140132e-06
-6.889295796140132e-06
-1.377859159228559e-06
-1.377859159228559e-06
-1.377859159228559e-06
1.3778591592272275e-06
9.64501411459459e-06
2.6179324025329308e-05
3.9957915617608246e-05
4.82250705729756e-05
5.373650720988717e-05
5.098078889143139e-05
4.82250705729756e-05
4.82250705729756e-05
5.9247943846798756e-05
8.129369039444505e-05
9.507228198672396e-05
0.00010609515526054714
0.00011436231021591448
0.00010333943694209132
8.956084534981241e-05
8.404940871290084e-05
7.578225375753347e-05
6.200366216525454e-05
3.444647898069667e-05
9.64501411459459e-06
-4.133577477684346e-06
-1.5156450751507488e-05
-1.240073243305171e-05
-1.5156450751507488e-05
-1.7912169069963278e-05
-1.5156450751507488e-05
-1.7912169069963278e-05
-1.240073243305171e-05
-9.64501411459592e-06
-1.240073243305171e-05
-1.5156450751507488e-05
-1.7912169069963278e-05
-2.342360570687485e-05
-3.169076066224221e-05
-7.027081712062322e-05
-7.85379720759906e-05
-5.6492225528344285e-05
4.133577477683014e-06
0.00011160659189745871
0.0002989954375524522
0.000456071381704432
0.0005029185931181804
0.0004009570153353164
0.0002135681696803228
9.507228198672396e-05
-5.9247943846800084e-05
-0.00027970540932326305
-0.00040646845197222917
-0.0003596212405584808
-0.00023561391622797047
-0.00011436231021591582
-4.2713633936065354e-05
-1.7912169069963278e-05
-1.240073243305171e-05
-1.240073243305171e-05
-1.240073243305171e-05
-1.5156450751507488e-05
-9.64501411459592e-06
-1.377859159228559e-06
4.133577477683014e-06
9.64501411459459e-06
1.5156450751506162e-05
1.7912169069961946e-05
2.066788738841773e-05
1.7912169069961946e-05
1.7912169069961946e-05
1.7912169069961946e-05
1.5156450751506162e-05
2.066788738841773e-05
1.7912169069961946e-05
1.7912169069961946e-05
2.066788738841773e-05
2.6179324025329308e-05
3.444647898069667e-05
3.720219729915245e-05
3.720219729915245e-05
3.720219729915245e-05
3.9957915617608246e-05
4.271363393606403e-05
4.546935225451981e-05
4.82250705729756e-05
5.649222552834297e-05
6.475938048371032e-05
7.853797207598924e-05
9.23165636682682e-05
0.00010058371862363556
0.00011160659189745871
0.00012262946517128183
0.00013640805676356078
0.00015294236667429551
0.00016396523994811866
0.00017498811322194178
0.0001832552681773092
0.00019152242313267648
0.00019978957808804387
0.00020254529640649968
0.00020805673304341124
0.0002135681696803228
0.000210812451361867
0.000210812451361867
0.00020254529640649968
0.00019152242313267648
0.00018049954985885336
0.00018049954985885336
0.00017498811322194178
0.00016672095826657444
0.0001556980849927513
0.00014191949340047234
0.00013640805676356078
0.00012814090180819342
0.00011436231021591448
0.00010609515526054714
9.507228198672396e-05
9.23165636682682e-05
8.68051270313566e-05
7.578225375753347e-05
6.475938048371032e-05
5.373650720988717e-05
4.271363393606403e-05
3.720219729915245e-05
2.6179324025329308e-05
1.7912169069961946e-05
6.8892957961388014e-06
-4.133577477684346e-06
-9.64501411459592e-06
-2.066788738841907e-05
-3.4446478980697995e-05
-4.2713633936065354e-05
-5.098078889143272e-05
-5.3736507209888505e-05
-5.6492225528344285e-05
-6.475938048371164e-05
-6.475938048371164e-05
-6.751509880216745e-05
-6.751509880216745e-05
-6.475938048371164e-05
-6.751509880216745e-05
-5.9247943846800084e-05
-5.098078889143272e-05
-3.4446478980697995e-05
-1.240073243305171e-05
-1.377859159228559e-06
1.3778591592272275e-06
-1.377859159228559e-06
-6.889295796140132e-06
-4.133577477684346e-06
4.133577477683014e-06
2.6179324025329308e-05
4.82250705729756e-05
5.9247943846798756e-05
7.02708171206219e-05
6.751509880216611e-05
5.373650720988717e-05
3.9957915617608246e-05
2.8935042343785094e-05
2.3423605706873515e-05
1.3778591592272275e-06
-2.8935042343786426e-05
-4.5469352254521147e-05
-6.200366216525588e-05
-6.475938048371164e-05
-6.200366216525588e-05
-6.751509880216745e-05
-6.200366216525588e-05
-6.200366216525588e-05
-5.9247943846800084e-05
-5.9247943846800084e-05
-6.751509880216745e-05
-6.475938048371164e-05
-6.200366216525588e-05
-6.475938048371164e-05
-7.302653543907902e-05
-9.507228198672531e-05
-0.00012814090180819475
-0.0001584538033112084
-0.00014743093003738526
-0.00010333943694209268
-1.7912169069963278e-05
0.00015018664835583973
0.000340331212329289
0.0004505599450675205
0.0004064684519722279
0.00023561391622796914
0.00010333943694209132
-6.751509880216745e-05
-0.0003155297474631883
-0.00048087284657053543
-0.00043953707179369863
-0.0003127740291447324
-0.00018601098649576628
-9.507228198672531e-05
-5.3736507209888505e-05
-4.2713633936065354e-05
-3.720219729915378e-05
-3.4446478980697995e-05
-3.169076066224221e-05
-2.6179324025330647e-05
-2.8935042343786426e-05
-3.169076066224221e-05
-3.4446478980697995e-05
-3.4446478980697995e-05
-2.342360570687485e-05
-1.5156450751507488e-05
-1.5156450751507488e-05
-9.64501411459592e-06
-4.133577477684346e-06
1.3778591592272275e-06
-1.377859159228559e-06
-6.889295796140132e-06
-9.64501411459592e-06
-9.64501411459592e-06
-1.377859159228559e-06
4.133577477683014e-06
4.133577477683014e-06
9.64501411459459e-06
1.5156450751506162e-05
2.066788738841773e-05
2.8935042343785094e-05
3.169076066224089e-05
3.444647898069667e-05
4.271363393606403e-05
5.098078889143139e-05
6.751509880216611e-05
7.853797207598924e-05
8.956084534981241e-05
0.00010609515526054714
0.00011711802853437029
0.00013089662012664922
0.00014191949340047234
0.00015294236667429551
0.00016672095826657444
0.0001694766765850302
0.00018049954985885336
0.00018601098649576498
0.0001832552681773092
0.00018601098649576498
0.00018049954985885336
0.00017774383154039756
0.00015845380331120705
0.0001556980849927513
0.00014743093003738393
0.00014191949340047234
0.00013365233844510492
0.00011987374685282605
0.00010885087357900291
0.00010333943694209132
9.23165636682682e-05
8.404940871290084e-05
7.02708171206219e-05
5.9247943846798756e-05
5.373650720988717e-05
4.546935225451981e-05
4.271363393606403e-05
2.8935042343785094e-05
2.066788738841773e-05
1.2400732433050376e-05
-1.377859159228559e-06
-6.889295796140132e-06
-1.240073243305171e-05
-2.6179324025330647e-05
-3.169076066224221e-05
-3.995791561760957e-05
-4.8225070572976926e-05
-5.6492225528344285e-05
-7.027081712062322e-05
-7.57822537575348e-05
-8.404940871290214e-05
-8.680512703135793e-05
-8.680512703135793e-05
-9.231656366826955e-05
-9.507228198672531e-05
-9.507228198672531e-05
-9.78280003051811e-05
-9.78280003051811e-05
-9.78280003051811e-05
-9.78280003051811e-05
-8.129369039444639e-05
-6.200366216525588e-05
-4.8225070572976926e-05
-4.2713633936065354e-05
-4.5469352254521147e-05
-5.098078889143272e-05
-5.9247943846800084e-05
-5.3736507209888505e-05
-3.995791561760957e-05
-1.7912169069963278e-05
4.133577477683014e-06
2.066788738841773e-05
3.169076066224089e-05
2.6179324025329308e-05
6.8892957961388014e-06
-1.377859159228559e-06
-4.133577477684346e-06
-1.240073243305171e-05
-3.720219729915378e-05
-6.475938048371164e-05
-8.404940871290214e-05
-9.507228198672531e-05
-9.507228198672531e-05
-9.231656366826955e-05
-9.231656366826955e-05
-8.956084534981374e-05
-8.680512703135793e-05
-8.956084534981374e-05
-8.129369039444639e-05
-8.129369039444639e-05
-8.404940871290214e-05
-8.404940871290214e-05
-8.404940871290214e-05
-8.956084534981374e-05
-0.00011436231021591582
-0.00014743093003738526
-0.00016672095826657574
-0.00014743093003738526
-8.129369039444639e-05
3.169076066224089e-05
0.00023285819790951333
0.00041749132524605104
0.0004918957198443572
0.0003982012970168605
0.0002190796063172344
0.00010885087357900291
-5.6492225528344285e-05
-0.0003100183108262768
-0.0004560713817044334
-0.00041197988860914084
-0.00029348400091554195
-0.00016947667658503157
-9.231656366826955e-05
-6.200366216525588e-05
-5.6492225528344285e-05
-5.3736507209888505e-05
-4.8225070572976926e-05
-4.5469352254521147e-05
-3.995791561760957e-05
-3.720219729915378e-05
-3.995791561760957e-05
-3.720219729915378e-05
-3.4446478980697995e-05
-2.8935042343786426e-05
-1.5156450751507488e-05
-1.5156450751507488e-05
-1.5156450751507488e-05
-1.5156450751507488e-05
-1.5156450751507488e-05
-1.240073243305171e-05
-1.7912169069963278e-05
-1.7912169069963278e-05
-1.5156450751507488e-05
-1.240073243305171e-05
-6.889295796140132e-06
-4.133577477684346e-06
-1.377859159228559e-06
4.133577477683014e-06
9.64501411459459e-06
1.5156450751506162e-05
1.7912169069961946e-05
2.3423605706873515e-05
2.8935042343785094e-05
3.444647898069667e-05
4.82250705729756e-05
6.200366216525454e-05
7.30265354390777e-05
8.68051270313566e-05
9.782800030517979e-05
0.00011711802853437029
0.00013640805676356078
0.00014191949340047234
0.00015294236667429551
0.00015845380331120705
0.00016120952162966288
0.000172232394903486
0.00017498811322194178
0.00017498811322194178
0.00017774383154039756
0.00017498811322194178
0.0001694766765850302
0.0001556980849927513
0.00014743093003738393
0.00014191949340047234
0.00013640805676356078
0.0001253851834897376
0.00011436231021591448
0.00010885087357900291
9.507228198672396e-05
8.68051270313566e-05
8.129369039444505e-05
7.30265354390777e-05
6.200366216525454e-05
5.373650720988717e-05
4.82250705729756e-05
4.271363393606403e-05
2.6179324025329308e-05
1.2400732433050376e-05
-1.377859159228559e-06
-1.5156450751507488e-05
-2.066788738841907e-05
-2.6179324025330647e-05
-3.169076066224221e-05
-3.995791561760957e-05
-5.098078889143272e-05
-5.9247943846800084e-05
-7.302653543907902e-05
-8.404940871290214e-05
-9.231656366826955e-05
-0.00010333943694209268
-0.00011160659189746003
-0.0001226294651712832
-0.00014467521171892948
-0.00017223239490348733
-0.00019427814145113364
-0.0002080567330434125
-0.00021356816968032413
-0.00023010247959105888
-0.00023561391622797047
-0.00022459104295414727
-0.0002108124513618684
-0.0001997895780880452
-0.00018876670481422206
-0.0001584538033112084
-0.0001171180285343716
-9.231656366826955e-05
-8.680512703135793e-05
-7.85379720759906e-05
-7.027081712062322e-05
-7.027081712062322e-05
-6.751509880216745e-05
-5.6492225528344285e-05
-5.3736507209888505e-05
-5.6492225528344285e-05
-6.200366216525588e-05
-8.129369039444639e-05
-8.680512703135793e-05
-3.995791561760957e-05
4.546935225451981e-05
0.00016120952162966288
0.00030450687418936376
0.0003954455786984048
0.0003568655222400236
0.0001970338597695881
4.82250705729756e-05
-7.302653543907902e-05
-0.00027419397268635144
-0.00047260569161516804
-0.0003430869306477461
-0.0001997895780880452
-8.680512703135793e-05
-2.6179324025330647e-05
-4.133577477684346e-06
4.133577477683014e-06
4.133577477683014e-06
1.3778591592272275e-06
1.3778591592272275e-06
-1.377859159228559e-06
-1.377859159228559e-06
-1.377859159228559e-06
1.3778591592272275e-06
9.64501411459459e-06
1.2400732433050376e-05
1.5156450751506162e-05
2.066788738841773e-05
2.3423605706873515e-05
2.8935042343785094e-05
3.444647898069667e-05
3.169076066224089e-05
3.444647898069667e-05
3.169076066224089e-05
3.720219729915245e-05
4.271363393606403e-05
4.271363393606403e-05
4.271363393606403e-05
5.098078889143139e-05
5.373650720988717e-05
6.200366216525454e-05
6.751509880216611e-05
7.02708171206219e-05
7.578225375753347e-05
8.129369039444505e-05
8.956084534981241e-05
9.507228198672396e-05
0.00010609515526054714
0.00011987374685282605
0.00013089662012664922
0.00014743093003738393
0.00015845380331120705
0.00016396523994811866
0.00017498811322194178
0.00017498811322194178
0.00017498811322194178
0.00018049954985885336
0.00017774383154039756
0.000172232394903486
0.00016396523994811866
0.00015845380331120705
0.00015018664835583973
0.00013640805676356078
0.00013089662012664922
0.00012262946517128183
0.00011160659189745871
0.00010333943694209132
9.23165636682682e-05
8.129369039444505e-05
7.02708171206219e-05
6.200366216525454e-05
5.9247943846798756e-05
4.82250705729756e-05
3.720219729915245e-05
3.169076066224089e-05
1.5156450751506162e-05
4.133577477683014e-06
-6.889295796140132e-06
-1.7912169069963278e-05
-2.6179324025330647e-05
-3.169076066224221e-05
-4.2713633936065354e-05
-5.6492225528344285e-05
-6.751509880216745e-05
-7.57822537575348e-05
-8.129369039444639e-05
-8.956084534981374e-05
-0.00010058371862363688
-0.00010609515526054846
-0.00010885087357900426
-0.00011436231021591582
-0.00011436231021591582
-0.0001171180285343716
-0.00012538518348973897
-0.0001336523384451063
-0.0001364080567635621
-0.0001336523384451063
-0.0001391637750820179
-0.0001364080567635621
-0.00012814090180819475
-0.00012814090180819475
-0.00012538518348973897
-0.00012814090180819475
-0.00012814090180819475
-0.0001198737468528274
-0.0001198737468528274
-0.0001171180285343716
-0.00011160659189746003
-0.00011436231021591582
-0.00011160659189746003
-0.00010885087357900426
-0.00010609515526054846
-0.00010333943694209268
-0.00010609515526054846
-0.00010058371862363688
-8.956084534981374e-05
-7.302653543907902e-05
-5.3736507209888505e-05
-4.2713633936065354e-05
-3.4446478980697995e-05
-3.720219729915378e-05
-4.8225070572976926e-05
-4.8225070572976926e-05
-3.995791561760957e-05
-1.7912169069963278e-05
6.8892957961388014e-06
1.7912169069961946e-05
2.6179324025329308e-05
2.3423605706873515e-05
9.64501411459459e-06
-4.133577477684346e-06
-1.5156450751507488e-05
-2.342360570687485e-05
-4.2713633936065354e-05
-6.751509880216745e-05
-8.404940871290214e-05
-0.00010058371862363688
-0.00010333943694209268
-0.00010333943694209268
-0.00010885087357900426
-0.00010885087357900426
-0.00010885087357900426
-0.00010609515526054846
-0.00010333943694209268
-0.00010609515526054846
-0.00010885087357900426
-0.00010885087357900426
-0.00010609515526054846
-0.0001171180285343716
-0.0001364080567635621
-0.00015569808499275262
-0.00015569808499275262
-0.00012538518348973897
-5.3736507209888505e-05
8.129369039444505e-05
0.00029623971923399637
0.0004670942549782553
0.0005056743114366363
0.0003816669871061258
0.000210812451361867
0.00011436231021591448
-6.475938048371164e-05
-0.00030726259250782084
-0.00044504850843061025
-0.00040371273365377345
-0.0002852168459601746
-0.00016947667658503157
-0.00010609515526054846
-8.680512703135793e-05
-8.129369039444639e-05
-7.302653543907902e-05
-6.751509880216745e-05
-6.475938048371164e-05
-6.200366216525588e-05
-6.200366216525588e-05
-5.9247943846800084e-05
-5.098078889143272e-05
-4.8225070572976926e-05
-4.2713633936065354e-05
-4.2713633936065354e-05
-4.5469352254521147e-05
-4.5469352254521147e-05
-4.5469352254521147e-05
-3.995791561760957e-05
-3.995791561760957e-05
-4.5469352254521147e-05
-4.5469352254521147e-05
-3.720219729915378e-05
-2.8935042343786426e-05
-2.066788738841907e-05
-2.066788738841907e-05
-1.7912169069963278e-05
-1.240073243305171e-05
-4.133577477684346e-06
1.3778591592272275e-06
6.8892957961388014e-06
1.2400732433050376e-05
1.5156450751506162e-05
2.066788738841773e-05
2.8935042343785094e-05
3.9957915617608246e-05
5.373650720988717e-05
7.30265354390777e-05
8.404940871290084e-05
0.00010058371862363556
0.00011711802853437029
0.00012814090180819342
0.00013916377508201656
0.00015018664835583973
0.00016396523994811866
0.000172232394903486
0.00017774383154039756
0.00018601098649576498
0.00018049954985885336
0.00018049954985885336
0.00016672095826657444
0.00016120952162966288
0.0001556980849927513
0.00015018664835583973
0.00015018664835583973
0.00014191949340047234
0.00013089662012664922
0.00012262946517128183
0.00010885087357900291
0.00010333943694209132
9.23165636682682e-05
8.129369039444505e-05
7.30265354390777e-05
6.200366216525454e-05
5.098078889143139e-05
3.444647898069667e-05
1.5156450751506162e-05
-4.133577477684346e-06
-2.8935042343786426e-05
-5.9247943846800084e-05
-8.680512703135793e-05
-0.0001171180285343716
-0.000150186648355841
-0.00018325526817731047
-0.0002108124513618684
-0.0002190796063172357
-0.00021632388799877996
-0.0002080567330434125
-0.00018876670481422206
-0.0001612095216296642
-0.00011436231021591582
-8.129369039444639e-05
-8.129369039444639e-05
-7.85379720759906e-05
-7.302653543907902e-05
-7.302653543907902e-05
-6.751509880216745e-05
-6.200366216525588e-05
-5.6492225528344285e-05
-5.3736507209888505e-05
-4.8225070572976926e-05
-5.3736507209888505e-05
-7.302653543907902e-05
-9.507228198672531e-05
-0.00010885087357900426
-8.129369039444639e-05
1.3778591592272275e-06
0.00014743093003738393
0.0003127740291447311
0.0004340256351567857
0.0004533156633859763
0.00032655262073701005
0.00016672095826657444
1.2400732433050376e-05
-0.0002190796063172357
-0.00045882710002288904
-0.000577322987716488
-0.0005718115510795765
-0.0005442543678950186
-0.0005194529030289164
-0.0005029185931181816
-0.00048362856488899143
-0.00047260569161516804
-0.00043678135347524285
-0.00037339983215075977
-0.00029072828259708617
-0.00018876670481422206
-9.78280003051811e-05
1.3778591592272275e-06
2.3423605706873515e-05
3.720219729915245e-05
4.271363393606403e-05
4.271363393606403e-05
4.82250705729756e-05
4.82250705729756e-05
5.649222552834297e-05
6.475938048371032e-05
6.475938048371032e-05
6.475938048371032e-05
6.751509880216611e-05
7.30265354390777e-05
7.578225375753347e-05
7.30265354390777e-05
7.578225375753347e-05
8.129369039444505e-05
8.404940871290084e-05
9.23165636682682e-05
9.23165636682682e-05
9.507228198672396e-05
0.00010058371862363556
0.00010885087357900291
0.00011987374685282605
0.00013089662012664922
0.00014743093003738393
0.00015845380331120705
0.00016396523994811866
0.00017774383154039756
0.00018876670481422076
0.00019427814145113231
0.0001970338597695881
0.00020254529640649968
0.00020254529640649968
0.00020805673304341124
0.00020530101472495543
0.00019978957808804387
0.0001970338597695881
0.00019152242313267648
0.0001832552681773092
0.0001694766765850302
0.00016120952162966288
0.00014743093003738393
0.00013089662012664922
0.00012262946517128183
0.00010885087357900291
9.507228198672396e-05
8.129369039444505e-05
6.751509880216611e-05
5.9247943846798756e-05
5.373650720988717e-05
4.546935225451981e-05
3.9957915617608246e-05
2.8935042343785094e-05
2.6179324025329308e-05
2.066788738841773e-05
6.8892957961388014e-06
-1.377859159228559e-06
-1.240073243305171e-05
-2.342360570687485e-05
-2.8935042343786426e-05
-3.995791561760957e-05
-4.2713633936065354e-05
-4.5469352254521147e-05
-4.8225070572976926e-05
-5.098078889143272e-05
-5.9247943846800084e-05
-7.027081712062322e-05
-8.129369039444639e-05
-7.85379720759906e-05
-8.129369039444639e-05
-8.404940871290214e-05
-7.85379720759906e-05
-8.129369039444639e-05
-8.404940871290214e-05
-8.404940871290214e-05
-8.404940871290214e-05
-8.404940871290214e-05
-8.404940871290214e-05
-7.85379720759906e-05
-7.57822537575348e-05
-7.85379720759906e-05
-8.129369039444639e-05
-8.129369039444639e-05
-7.57822537575348e-05
-7.302653543907902e-05
-7.302653543907902e-05
-7.302653543907902e-05
-7.302653543907902e-05
-7.57822537575348e-05
-7.027081712062322e-05
-7.027081712062322e-05
-7.302653543907902e-05
-7.302653543907902e-05
-7.302653543907902e-05
-7.302653543907902e-05
-7.302653543907902e-05
-6.751509880216745e-05
-5.098078889143272e-05
-3.995791561760957e-05
-2.8935042343786426e-05
-2.066788738841907e-05
-2.342360570687485e-05
-2.8935042343786426e-05
-3.4446478980697995e-05
-2.6179324025330647e-05
-4.133577477684346e-06
1.5156450751506162e-05
2.6179324025329308e-05
3.169076066224089e-05
3.720219729915245e-05
3.169076066224089e-05
1.7912169069961946e-05
1.2400732433050376e-05
-1.377859159228559e-06
-2.342360570687485e-05
-4.5469352254521147e-05
-6.475938048371164e-05
-8.129369039444639e-05
-8.404940871290214e-05
-8.129369039444639e-05
-7.85379720759906e-05
-8.129369039444639e-05
-8.404940871290214e-05
-8.129369039444639e-05
-8.404940871290214e-05
-8.129369039444639e-05
-8.129369039444639e-05
-8.404940871290214e-05
-8.404940871290214e-05
-8.680512703135793e-05
-9.507228198672531e-05
-0.00010609515526054846
-0.0001226294651712832
-0.0001171180285343716
-7.85379720759906e-05
0.00014191949340047234
0.00030450687418936376
0.0003982012970168605
0.00037615555046921414
0.0002135681696803228
4.82250705729756e-05
-5.9247943846800084e-05
-0.00021356816968032413
-0.00037339983215075977
-0.0004285141985198755
-0.0003430869306477461
-0.00022459104295414727
-0.00013089662012665053
-7.85379720759906e-05
-7.027081712062322e-05
-6.751509880216745e-05
-5.6492225528344285e-05
-6.200366216525588e-05
-5.9247943846800084e-05
-5.3736507209888505e-05
-4.5469352254521147e-05
-3.169076066224221e-05
-2.6179324025330647e-05
-1.7912169069963278e-05
-1.5156450751507488e-05
-1.7912169069963278e-05
-1.5156450751507488e-05
-1.7912169069963278e-05
-1.5156450751507488e-05
-1.7912169069963278e-05
-1.7912169069963278e-05
-1.240073243305171e-05
-1.5156450751507488e-05
-1.5156450751507488e-05
-1.240073243305171e-05
-6.889295796140132e-06
1.3778591592272275e-06
4.133577477683014e-06
1.3778591592272275e-06
4.133577477683014e-06
6.8892957961388014e-06
1.2400732433050376e-05
1.7912169069961946e-05
2.066788738841773e-05
2.8935042343785094e-05
3.720219729915245e-05
4.546935225451981e-05
5.9247943846798756e-05
7.30265354390777e-05
8.68051270313566e-05
9.782800030517979e-05
0.00010885087357900291
0.00012262946517128183
0.00013089662012664922
0.00014191949340047234
0.00015018664835583973
0.0001556980849927513
0.00016396523994811866
0.00016396523994811866
0.00015845380331120705
0.00015845380331120705
0.00015018664835583973
0.00015018664835583973
0.00015018664835583973
0.00014743093003738393
0.00013640805676356078
0.0001253851834897376
0.00011711802853437029
0.00010058371862363556
9.23165636682682e-05
8.68051270313566e-05
8.129369039444505e-05
7.578225375753347e-05
6.475938048371032e-05
5.9247943846798756e-05
5.098078889143139e-05
4.271363393606403e-05
3.720219729915245e-05
2.6179324025329308e-05
1.5156450751506162e-05
4.133577477683014e-06
-6.889295796140132e-06
-9.64501411459592e-06
-1.7912169069963278e-05
-2.6179324025330647e-05
-3.169076066224221e-05
-4.2713633936065354e-05
-4.2713633936065354e-05
-4.5469352254521147e-05
-5.6492225528344285e-05
-6.751509880216745e-05
-7.302653543907902e-05
-7.57822537575348e-05
-7.57822537575348e-05
-8.129369039444639e-05
-7.85379720759906e-05
-7.027081712062322e-05
-5.3736507209888505e-05
-3.4446478980697995e-05
-2.8935042343786426e-05
-2.066788738841907e-05
-2.342360570687485e-05
-2.8935042343786426e-05
-2.6179324025330647e-05
-1.7912169069963278e-05
1.3778591592272275e-06
2.066788738841773e-05
3.169076066224089e-05
4.271363393606403e-05
4.271363393606403e-05
2.8935042343785094e-05
2.066788738841773e-05
9.64501411459459e-06
-1.377859159228559e-06
-2.342360570687485e-05
-5.3736507209888505e-05
-7.027081712062322e-05
-8.129369039444639e-05
-7.85379720759906e-05
-7.57822537575348e-05
-8.129369039444639e-05
-8.404940871290214e-05
-8.404940871290214e-05
-8.129369039444639e-05
-7.57822537575348e-05
-7.302653543907902e-05
-7.57822537575348e-05
-7.85379720759906e-05
-7.57822537575348e-05
-7.57822537575348e-05
-8.680512703135793e-05
-0.00010058371862363688
-0.00012814090180819475
-0.000150186648355841
-0.00012538518348973897
-6.475938048371164e-05
3.444647898069667e-05
0.0003293083390554659
0.0003623769588769353
0.0002549039444571596
7.30265354390777e-05
-6.475938048371164e-05
-0.0002218353246356915
-0.0003899341420614945
-0.00045882710002288904
-0.0003871784237430386
-0.00025765966277561676
-0.000150186648355841
-8.956084534981374e-05
-6.751509880216745e-05
-6.751509880216745e-05
-6.475938048371164e-05
-6.200366216525588e-05
-5.9247943846800084e-05
-5.098078889143272e-05
-5.098078889143272e-05
-4.8225070572976926e-05
-4.5469352254521147e-05
-4.5469352254521147e-05
-3.4446478980697995e-05
-2.6179324025330647e-05
-2.342360570687485e-05
-2.066788738841907e-05
-2.342360570687485e-05
-1.7912169069963278e-05
-1.5156450751507488e-05
-1.7912169069963278e-05
-1.240073243305171e-05
-1.240073243305171e-05
-9.64501411459592e-06
-6.889295796140132e-06
-9.64501411459592e-06
-4.133577477684346e-06
-1.377859159228559e-06
6.8892957961388014e-06
1.2400732433050376e-05
1.2400732433050376e-05
1.7912169069961946e-05
2.6179324025329308e-05
2.8935042343785094e-05
4.271363393606403e-05
5.373650720988717e-05
6.200366216525454e-05
7.02708171206219e-05
8.129369039444505e-05
9.782800030517979e-05
0.00011160659189745871
0.00011987374685282605
0.00012814090180819342
0.00013365233844510492
0.00014467521171892812
0.00015018664835583973
0.00015294236667429551
0.00015018664835583973
0.00014467521171892812
0.00014467521171892812
0.00013916377508201656
0.00012814090180819342
0.00012262946517128183
0.00011711802853437029
0.00010885087357900291
0.00010333943694209132
9.23165636682682e-05
7.853797207598924e-05
7.30265354390777e-05
7.02708171206219e-05
6.200366216525454e-05
5.373650720988717e-05
4.546935225451981e-05
3.720219729915245e-05
3.169076066224089e-05
1.7912169069961946e-05
9.64501411459459e-06
1.3778591592272275e-06
-1.240073243305171e-05
-1.7912169069963278e-05
-2.8935042343786426e-05
-3.995791561760957e-05
-4.8225070572976926e-05
-5.6492225528344285e-05
-5.9247943846800084e-05
-6.475938048371164e-05
-7.85379720759906e-05
-8.680512703135793e-05
-9.507228198672531e-05
-9.78280003051811e-05
-9.78280003051811e-05
-0.00010609515526054846
-0.00010609515526054846
-0.00010885087357900426
-0.00010885087357900426
-0.00010333943694209268
-9.231656366826955e-05
-7.57822537575348e-05
-6.751509880216745e-05
-7.027081712062322e-05
-6.475938048371164e-05
-6.751509880216745e-05
-7.027081712062322e-05
-6.200366216525588e-05
-4.5469352254521147e-05
-2.6179324025330647e-05
-1.240073243305171e-05
-6.889295796140132e-06
-4.133577477684346e-06
-1.5156450751507488e-05
-2.342360570687485e-05
-2.6179324025330647e-05
-4.5469352254521147e-05
-6.751509880216745e-05
-8.680512703135793e-05
-0.00010885087357900426
-0.0001198737468528274
-0.0001226294651712832
-0.0001226294651712832
-0.0001171180285343716
-0.0001171180285343716
-0.00010885087357900426
-0.00011160659189746003
-0.00011160659189746003
-0.00010885087357900426
-0.00010885087357900426
-0.00010885087357900426
-0.00010609515526054846
-0.00010609515526054846
-0.00010609515526054846
-0.0001226294651712832
-0.00014743093003738526
-0.00017223239490348733
-0.00016947667658503157
-0.00013089662012665053
-4.8225070572976926e-05
0.00011711802853437029
0.0004009570153353164
0.0003568655222400236
0.0001970338597695881
8.404940871290084e-05
-5.3736507209888505e-05
-0.00027694969100480727
-0.0004422927901121546
-0.00043402563515678713
-0.00031828546578164407
-0.00019427814145113364
-0.00011436231021591582
-8.404940871290214e-05
-7.85379720759906e-05
-8.129369039444639e-05
-7.57822537575348e-05
-7.302653543907902e-05
-7.302653543907902e-05
-6.475938048371164e-05
-6.751509880216745e-05
-6.475938048371164e-05
-5.9247943846800084e-05
-5.6492225528344285e-05
-5.098078889143272e-05
-5.098078889143272e-05
-4.5469352254521147e-05
-3.995791561760957e-05
-4.5469352254521147e-05
-4.2713633936065354e-05
-4.2713633936065354e-05
-3.720219729915378e-05
-3.720219729915378e-05
-3.995791561760957e-05
-3.720219729915378e-05
-3.169076066224221e-05
-2.8935042343786426e-05
-2.066788738841907e-05
-1.7912169069963278e-05
-1.5156450751507488e-05
-9.64501411459592e-06
-4.133577477684346e-06
4.133577477683014e-06
1.2400732433050376e-05
1.7912169069961946e-05
2.8935042343785094e-05
3.720219729915245e-05
5.649222552834297e-05
7.02708171206219e-05
8.129369039444505e-05
9.507228198672396e-05
0.00010609515526054714
0.00011987374685282605
0.00012814090180819342
0.00013365233844510492
0.00013916377508201656
0.00013916377508201656
0.00014467521171892812
0.00014743093003738393
0.00014191949340047234
0.00013916377508201656
0.00013365233844510492
0.0001253851834897376
0.00011987374685282605
0.00010885087357900291
0.00010333943694209132
9.507228198672396e-05
7.853797207598924e-05
7.578225375753347e-05
7.02708171206219e-05
6.200366216525454e-05
5.098078889143139e-05
4.546935225451981e-05
3.444647898069667e-05
2.3423605706873515e-05
1.5156450751506162e-05
1.3778591592272275e-06
-9.64501411459592e-06
-2.066788738841907e-05
-3.720219729915378e-05
-4.5469352254521147e-05
-5.6492225528344285e-05
-6.751509880216745e-05
-7.57822537575348e-05
-8.956084534981374e-05
-0.00010058371862363688
-0.00011160659189746003
-0.0001198737468528274
-0.0001336523384451063
-0.00015569808499275262
-0.00018049954985885472
-0.0002080567330434125
-0.00023010247959105888
-0.00024388107118333775
-0.0002631710994125282
-0.0002824611276417188
-0.00027970540932326305
-0.0002631710994125282
-0.00024939250782024937
-0.00023836963454642628
-0.0002190796063172357
-0.00018049954985885472
-0.0001364080567635621
-0.0001171180285343716
-0.00011160659189746003
-0.00010885087357900426
-0.00010609515526054846
-0.00010333943694209268
-9.78280003051811e-05
-8.680512703135793e-05
-8.956084534981374e-05
-9.231656366826955e-05
-0.00010609515526054846
-0.00012538518348973897
-9.78280003051811e-05
-2.6179324025330647e-05
7.02708171206219e-05
0.00020254529640649968
0.000301751155870908
0.00029623971923399637
0.00016672095826657444
-1.377859159228559e-06
-0.0001198737468528274
-0.0002852168459601746
-0.0004946514381628143
-0.0005387429312581068
-0.00041749132524605234
-0.00027419397268635144
-0.000150186648355841
-7.302653543907902e-05
-3.995791561760957e-05
-3.169076066224221e-05
-2.6179324025330647e-05
-2.8935042343786426e-05
-3.169076066224221e-05
-2.8935042343786426e-05
-3.169076066224221e-05
-2.8935042343786426e-05
-3.169076066224221e-05
-2.8935042343786426e-05
-2.8935042343786426e-05
-2.8935042343786426e-05
-2.6179324025330647e-05
-2.342360570687485e-05
-9.64501411459592e-06
-4.133577477684346e-06
-1.377859159228559e-06
4.133577477683014e-06
4.133577477683014e-06
9.64501411459459e-06
9.64501411459459e-06
9.64501411459459e-06
1.2400732433050376e-05
1.2400732433050376e-05
2.066788738841773e-05
2.8935042343785094e-05
3.169076066224089e-05
3.9957915617608246e-05
4.271363393606403e-05
5.098078889143139e-05
6.751509880216611e-05
7.853797207598924e-05
8.956084534981241e-05
9.507228198672396e-05
0.00010333943694209132
0.00011987374685282605
0.00012814090180819342
0.00013640805676356078
0.00013916377508201656
0.00013916377508201656
0.00014191949340047234
0.00013916377508201656
0.00013365233844510492
0.00013089662012664922
0.00012262946517128183
0.00011436231021591448
0.00010609515526054714
9.782800030517979e-05
8.956084534981241e-05
7.30265354390777e-05
6.200366216525454e-05
5.373650720988717e-05
4.271363393606403e-05
3.720219729915245e-05
2.3423605706873515e-05
9.64501411459459e-06
4.133577477683014e-06
-9.64501411459592e-06
-2.066788738841907e-05
-3.169076066224221e-05
-4.2713633936065354e-05
-4.2713633936065354e-05
-5.3736507209888505e-05
-6.475938048371164e-05
-7.027081712062322e-05
-8.404940871290214e-05
-8.956084534981374e-05
-9.78280003051811e-05
-0.00011436231021591582
-0.00012538518348973897
-0.0001336523384451063
-0.0001391637750820179
-0.00014743093003738526
-0.00015569808499275262
-0.00015294236667429682
-0.00015569808499275262
-0.00015569808499275262
-0.00016947667658503157
-0.00016947667658503157
-0.00016947667658503157
-0.00016672095826657574
-0.00016672095826657574
-0.00016947667658503157
-0.00016396523994811996
-0.0001612095216296642
-0.00016396523994811996
-0.00016396523994811996
-0.00016396523994811996
-0.0001612095216296642
-0.00015569808499275262
-0.00015294236667429682
-0.000150186648355841
-0.00014743093003738526
-0.00014467521171892948
-0.00014191949340047367
-0.0001364080567635621
-0.0001336523384451063
-0.0001336523384451063
-0.00013089662012665053
-0.00011160659189746003
-9.231656366826955e-05
-8.129369039444639e-05
-7.302653543907902e-05
-7.85379720759906e-05
-8.680512703135793e-05
-9.231656366826955e-05
-8.129369039444639e-05
-5.3736507209888505e-05
-3.720219729915378e-05
-2.6179324025330647e-05
-1.5156450751507488e-05
-1.240073243305171e-05
-2.066788738841907e-05
-3.995791561760957e-05
-5.098078889143272e-05
-5.6492225528344285e-05
-7.85379720759906e-05
-0.00010609515526054846
-0.00012814090180819475
-0.00014191949340047367
-0.00014467521171892948
-0.00014743093003738526
-0.00014467521171892948
-0.0001391637750820179
-0.0001391637750820179
-0.0001364080567635621
-0.0001364080567635621
-0.0001391637750820179
-0.0001391637750820179
-0.0001391637750820179
-0.0001391637750820179
-0.00014467521171892948
-0.000150186648355841
-0.00016672095826657574
-0.00019152242313267784
-0.00019427814145113364
-0.00016672095826657574
-0.00010058371862363688
3.720219729915245e-05
0.00024663678950179223
0.00041197988860913943
0.0004505599450675205
0.0003293083390554659
0.0001694766765850302
7.02708171206219e-05
-0.0003513540856031135
-0.00048638428320744705
-0.00043402563515678713
-0.00031828546578164407
-0.00021356816968032413
-0.000150186648355841
-0.0001336523384451063
-0.0001226294651712832
-0.0001171180285343716
-0.00011436231021591582
-0.00011160659189746003
-0.00011160659189746003
-0.00010885087357900426
-0.00010333943694209268
-0.00010333943694209268
-9.507228198672531e-05
-8.956084534981374e-05
-8.680512703135793e-05
-8.404940871290214e-05
-8.680512703135793e-05
-8.404940871290214e-05
-8.404940871290214e-05
-8.404940871290214e-05
-7.85379720759906e-05
-7.57822537575348e-05
-7.57822537575348e-05
-7.027081712062322e-05
-6.751509880216745e-05
-6.200366216525588e-05
-5.9247943846800084e-05
-5.6492225528344285e-05
-5.098078889143272e-05
-5.098078889143272e-05
-4.8225070572976926e-05
-3.995791561760957e-05
-3.169076066224221e-05
-2.066788738841907e-05
-9.64501411459592e-06
1.3778591592272275e-06
1.7912169069961946e-05
2.8935042343785094e-05
4.82250705729756e-05
6.751509880216611e-05
8.129369039444505e-05
0.00010058371862363556
0.00011160659189745871
0.00011711802853437029
0.00012262946517128183
0.00012814090180819342
0.00013640805676356078
0.00013640805676356078
0.00013365233844510492
0.00013640805676356078
0.00013365233844510492
0.00012814090180819342
0.0001253851834897376
0.00011711802853437029
0.00011160659189745871
0.00010058371862363556
9.507228198672396e-05
8.956084534981241e-05
7.30265354390777e-05
6.475938048371032e-05
5.9247943846798756e-05
4.546935225451981e-05
3.444647898069667e-05
2.066788738841773e-05
9.64501411459459e-06
-1.5156450751507488e-05
-3.4446478980697995e-05
-6.475938048371164e-05
-9.507228198672531e-05
-0.0001226294651712832
-0.00015569808499275262
-0.00018325526817731047
-0.00021632388799877996
-0.00024388107118333775
-0.0002521482261387052
-0.00025765966277561676
-0.00024939250782024937
-0.00022734676127260308
-0.00019427814145113364
-0.00014191949340047367
-0.00011160659189746003
-0.0001171180285343716
-0.00011436231021591582
-0.0001171180285343716
-0.0001226294651712832
-0.0001171180285343716
-0.00010885087357900426
-9.78280003051811e-05
-0.00010058371862363688
-9.78280003051811e-05
-0.00010058371862363688
-0.0001198737468528274
-0.00014467521171892948
-0.00016396523994811996
-0.00014191949340047367
-8.129369039444639e-05
4.271363393606403e-05
0.00024388107118333642
0.0004395370717936973
0.0005497658045319286
0.0005139414663920035
0.00035135408560311223
0.00016120952162966288
-8.680512703135793e-05
-0.00037615555046921565
-0.0005800787060349438
-0.0006351930724040594
-0.0006131473258564133
-0.0005855901426718552
-0.0005663001144426648
-0.0005525215228503861
-0.0005442543678950186
-0.0005111857480735491
-0.0004422927901121546
-0.000370644113832304
-0.00027694969100480727
-0.00018049954985885472
-0.00010609515526054846
-5.3736507209888505e-05
-2.6179324025330647e-05
-1.240073243305171e-05
-4.133577477684346e-06
1.3778591592272275e-06
1.2400732433050376e-05
2.066788738841773e-05
2.066788738841773e-05
2.6179324025329308e-05
2.3423605706873515e-05
2.3423605706873515e-05
2.8935042343785094e-05
2.3423605706873515e-05
2.3423605706873515e-05
2.066788738841773e-05
3.720219729915245e-05
4.271363393606403e-05
4.82250705729756e-05
5.098078889143139e-05
5.098078889143139e-05
5.649222552834297e-05
5.9247943846798756e-05
6.751509880216611e-05
7.578225375753347e-05
8.68051270313566e-05
0.00010333943694209132
0.00012262946517128183
0.00013640805676356078
0.00014467521171892812
0.00015294236667429551
0.00016672095826657444
0.0001694766765850302
0.0001694766765850302
0.00016672095826657444
0.00016396523994811866
0.00016396523994811866
0.00015845380331120705
0.00014743093003738393
0.00013916377508201656
0.00013089662012664922
0.00011987374685282605
0.00011160659189745871
9.782800030517979e-05
8.68051270313566e-05
7.30265354390777e-05
5.9247943846798756e-05
4.82250705729756e-05
3.169076066224089e-05
1.5156450751506162e-05
6.8892957961388014e-06
1.3778591592272275e-06
4.133577477683014e-06
-6.889295796140132e-06
-2.066788738841907e-05
-2.8935042343786426e-05
-3.995791561760957e-05
-4.8225070572976926e-05
-5.9247943846800084e-05
-7.027081712062322e-05
-7.57822537575348e-05
-8.129369039444639e-05
-8.956084534981374e-05
-9.507228198672531e-05
-0.00010058371862363688
-0.00010333943694209268
-0.00010885087357900426
-0.00011436231021591582
-0.0001198737468528274
-0.00012814090180819475
-0.00013089662012665053
-0.00013089662012665053
-0.00013089662012665053
-0.00012814090180819475
-0.0001336523384451063
-0.0001336523384451063
-0.0001364080567635621
-0.0001391637750820179
-0.0001336523384451063
-0.0001336523384451063
-0.00013089662012665053
-0.00012538518348973897
-0.00012814090180819475
-0.00012814090180819475
-0.00012538518348973897
-0.0001226294651712832
-0.00012538518348973897
-0.00012538518348973897
-0.0001198737468528274
-0.0001226294651712832
-0.0001226294651712832
-0.0001226294651712832
-0.0001198737468528274
-0.00011436231021591582
-0.00011436231021591582
-0.00011436231021591582
-0.00010885087357900426
-9.507228198672531e-05
-7.57822537575348e-05
-6.751509880216745e-05
-5.9247943846800084e-05
-6.200366216525588e-05
-7.027081712062322e-05
-7.027081712062322e-05
-6.475938048371164e-05
-4.5469352254521147e-05
-2.342360570687485e-05
-1.240073243305171e-05
-1.377859159228559e-06
1.3778591592272275e-06
-9.64501411459592e-06
-2.342360570687485e-05
-3.720219729915378e-05
-4.2713633936065354e-05
-5.6492225528344285e-05
-8.680512703135793e-05
-0.00011436231021591582
-0.0001336523384451063
-0.0001364080567635621
-0.00012814090180819475
-0.00012814090180819475
-0.00012814090180819475
-0.00012814090180819475
-0.00012538518348973897
-0.0001171180285343716
-0.0001171180285343716
-0.0001226294651712832
-0.0001198737468528274
-0.0001226294651712832
-0.00012538518348973897
-0.0001364080567635621
-0.0001584538033112084
-0.00017498811322194308
-0.00016947667658503157
-0.0001226294651712832
-3.720219729915378e-05
0.00011711802853437029
0.00032655262073701005
0.0004588271000228878
0.0004615828183413437
0.0003072625925078196
0.00013916377508201656
3.169076066224089e-05
-0.00016947667658503157
-0.00040371273365377345
-0.0004918957198443586
-0.00041749132524605234
-0.0003045068741893651
-0.00019703385976958942
-0.0001336523384451063
-0.00010885087357900426
-0.00010333943694209268
-0.00010058371862363688
-9.78280003051811e-05
-9.507228198672531e-05
-8.956084534981374e-05
-8.404940871290214e-05
-7.85379720759906e-05
-7.302653543907902e-05
-6.475938048371164e-05
-5.9247943846800084e-05
-6.200366216525588e-05
-6.200366216525588e-05
-6.200366216525588e-05
-5.9247943846800084e-05
-6.200366216525588e-05
-6.475938048371164e-05
-5.6492225528344285e-05
-5.3736507209888505e-05
-5.098078889143272e-05
-4.5469352254521147e-05
-4.2713633936065354e-05
-3.995791561760957e-05
-3.995791561760957e-05
-3.720219729915378e-05
-2.8935042343786426e-05
-2.342360570687485e-05
-1.7912169069963278e-05
-6.889295796140132e-06
1.3778591592272275e-06
1.5156450751506162e-05
3.169076066224089e-05
4.546935225451981e-05
6.200366216525454e-05
7.578225375753347e-05
8.404940871290084e-05
0.00010058371862363556
0.00011436231021591448
0.0001253851834897376
0.00013365233844510492
0.00014191949340047234
0.00015294236667429551
0.00015294236667429551
0.0001556980849927513
0.0001556980849927513
0.00015294236667429551
0.00015018664835583973
0.00014467521171892812
0.00013640805676356078
0.00013365233844510492
0.00013089662012664922
0.0001253851834897376
0.00011436231021591448
0.00010609515526054714
9.782800030517979e-05
8.68051270313566e-05
8.404940871290084e-05
7.30265354390777e-05
6.475938048371032e-05
5.9247943846798756e-05
4.546935225451981e-05
3.444647898069667e-05
2.6179324025329308e-05
1.7912169069961946e-05
9.64501411459459e-06
-6.889295796140132e-06
-1.5156450751507488e-05
-2.8935042343786426e-05
-4.5469352254521147e-05
-5.6492225528344285e-05
-6.200366216525588e-05
-7.027081712062322e-05
-7.302653543907902e-05
-8.129369039444639e-05
-9.507228198672531e-05
-0.00010058371862363688
-0.00010609515526054846
-0.00011436231021591582
-0.0001171180285343716
-0.00011160659189746003
-0.00010885087357900426
-0.00010058371862363688
-8.404940871290214e-05
-6.751509880216745e-05
-5.6492225528344285e-05
-5.6492225528344285e-05
-6.200366216525588e-05
-6.475938048371164e-05
-6.200366216525588e-05
-4.8225070572976926e-05
-3.169076066224221e-05
-9.64501411459592e-06
6.8892957961388014e-06
9.64501411459459e-06
6.8892957961388014e-06
-6.889295796140132e-06
-1.240073243305171e-05
-1.5156450751507488e-05
-2.6179324025330647e-05
-4.5469352254521147e-05
-7.57822537575348e-05
-0.00010058371862363688
-0.00010885087357900426
-0.00011436231021591582
-0.00011436231021591582
-0.0001171180285343716
-0.0001198737468528274
-0.00011436231021591582
-0.00011160659189746003
-0.00010885087357900426
-0.00010609515526054846
-0.00010885087357900426
-0.00010609515526054846
-0.00010333943694209268
-0.00010885087357900426
-0.0001171180285343716
-0.0001336523384451063
-0.0001612095216296642
-0.00017498811322194308
-0.000150186648355841
-7.57822537575348e-05
4.546935225451981e-05
0.00023561391622796914
0.00038993414206149314
0.0004092241702906837
0.0002741939726863501
9.782800030517979e-05
-2.6179324025330647e-05
-0.00020254529640650095
-0.000423002761882964
-0.0005166971847104609
-0.0004285141985198755
-0.0002989954375524536
-0.00018325526817731047
-0.00011436231021591582
-9.231656366826955e-05
-7.85379720759906e-05
-7.57822537575348e-05
-7.027081712062322e-05
-5.9247943846800084e-05
-5.9247943846800084e-05
-6.751509880216745e-05
-6.200366216525588e-05
-5.6492225528344285e-05
-5.3736507209888505e-05
-4.5469352254521147e-05
-4.2713633936065354e-05
-3.720219729915378e-05
-2.8935042343786426e-05
-3.4446478980697995e-05
-3.720219729915378e-05
-3.4446478980697995e-05
-3.169076066224221e-05
-2.6179324025330647e-05
-2.8935042343786426e-05
-2.8935042343786426e-05
-2.066788738841907e-05
-1.5156450751507488e-05
-6.889295796140132e-06
-1.377859159228559e-06
1.3778591592272275e-06
6.8892957961388014e-06
1.2400732433050376e-05
2.3423605706873515e-05
3.444647898069667e-05
3.720219729915245e-05
5.098078889143139e-05
6.751509880216611e-05
8.404940871290084e-05
9.782800030517979e-05
0.00010609515526054714
0.00011987374685282605
0.00012814090180819342
0.00013640805676356078
0.00015018664835583973
0.00015018664835583973
0.00015294236667429551
0.0001556980849927513
0.00015294236667429551
0.00015294236667429551
0.00015018664835583973
0.00014743093003738393
0.00013916377508201656
0.0001253851834897376
0.00011987374685282605
0.00011160659189745871
0.00010058371862363556
9.507228198672396e-05
8.404940871290084e-05
7.578225375753347e-05
6.751509880216611e-05
5.9247943846798756e-05
4.82250705729756e-05
3.720219729915245e-05
3.444647898069667e-05
2.6179324025329308e-05
1.5156450751506162e-05
6.8892957961388014e-06
-1.377859159228559e-06
-9.64501411459592e-06
-1.5156450751507488e-05
-2.8935042343786426e-05
-3.720219729915378e-05
-4.5469352254521147e-05
-5.098078889143272e-05
-5.098078889143272e-05
-5.6492225528344285e-05
-6.751509880216745e-05
-7.302653543907902e-05
-8.129369039444639e-05
-8.956084534981374e-05
-9.507228198672531e-05
-9.78280003051811e-05
-0.00010333943694209268
-9.78280003051811e-05
-8.129369039444639e-05
-6.751509880216745e-05
-5.3736507209888505e-05
-4.8225070572976926e-05
-5.098078889143272e-05
-5.098078889143272e-05
-5.9247943846800084e-05
-5.098078889143272e-05
-3.720219729915378e-05
-1.7912169069963278e-05
-1.377859159228559e-06
4.133577477683014e-06
6.8892957961388014e-06
1.3778591592272275e-06
-9.64501411459592e-06
-9.64501411459592e-06
-2.066788738841907e-05
-3.4446478980697995e-05
-5.6492225528344285e-05
-7.85379720759906e-05
-9.231656366826955e-05
-0.00010058371862363688
-0.00010333943694209268
-0.00010333943694209268
-0.00010058371862363688
-9.231656366826955e-05
-9.231656366826955e-05
-9.507228198672531e-05
-9.507228198672531e-05
-9.507228198672531e-05
-9.231656366826955e-05
-8.680512703135793e-05
-8.680512703135793e-05
-8.404940871290214e-05
-9.231656366826955e-05
-0.00011160659189746003
-0.00013089662012665053
-0.00013089662012665053
-8.956084534981374e-05
-6.889295796140132e-06
0.00013089662012664922
0.00030450687418936376
0.0003982012970168605
0.00037064411383230263
0.0002135681696803228
6.200366216525454e-05
-3.995791561760957e-05
-0.0001997895780880452
-0.00036788839551384826
-0.000423002761882964
-0.0003375754940108345
-0.00021632388799877996
-0.0001226294651712832
-8.129369039444639e-05
-7.027081712062322e-05
-6.200366216525588e-05
-5.3736507209888505e-05
-4.5469352254521147e-05
-4.2713633936065354e-05
-4.2713633936065354e-05
-4.2713633936065354e-05
-3.4446478980697995e-05
-2.8935042343786426e-05
-2.066788738841907e-05
-1.5156450751507488e-05
-1.7912169069963278e-05
-1.240073243305171e-05
-1.240073243305171e-05
-1.240073243305171e-05
-1.240073243305171e-05
-1.5156450751507488e-05
-1.240073243305171e-05
-1.5156450751507488e-05
-1.240073243305171e-05
-4.133577477684346e-06
-6.889295796140132e-06
-1.377859159228559e-06
4.133577477683014e-06
6.8892957961388014e-06
1.2400732433050376e-05
1.2400732433050376e-05
1.7912169069961946e-05
2.8935042343785094e-05
3.720219729915245e-05
5.098078889143139e-05
6.200366216525454e-05
7.853797207598924e-05
9.507228198672396e-05
0.00010885087357900291
0.00011711802853437029
0.00012814090180819342
0.00013916377508201656
0.00015018664835583973
0.0001556980849927513
0.00016396523994811866
0.0001694766765850302
0.0001694766765850302
0.000172232394903486
0.000172232394903486
0.00016672095826657444
0.00016120952162966288
0.00015018664835583973
0.00014743093003738393
0.00013916377508201656
0.00012814090180819342
0.00012262946517128183
0.00011436231021591448
0.00010885087357900291
0.00010333943694209132
9.507228198672396e-05
8.956084534981241e-05
7.853797207598924e-05
7.02708171206219e-05
6.751509880216611e-05
5.9247943846798756e-05
5.098078889143139e-05
4.271363393606403e-05
3.169076066224089e-05
2.8935042343785094e-05
1.5156450751506162e-05
4.133577477683014e-06
-4.133577477684346e-06
-1.5156450751507488e-05
-2.066788738841907e-05
-2.8935042343786426e-05
-3.995791561760957e-05
-4.5469352254521147e-05
-5.9247943846800084e-05
-7.302653543907902e-05
-0.00011436231021591582
-0.0001391637750820179
-0.0001612095216296642
-0.00018049954985885472
-0.00019152242313267784
-0.00020530101472495681
-0.00020254529640650095
-0.00018876670481422206
-0.00018049954985885472
-0.00016672095826657574
-0.000150186648355841
-0.00011436231021591582
-7.85379720759906e-05
-7.027081712062322e-05
-6.200366216525588e-05
-5.6492225528344285e-05
-5.9247943846800084e-05
-5.6492225528344285e-05
-5.3736507209888505e-05
-4.2713633936065354e-05
-3.995791561760957e-05
-4.2713633936065354e-05
-5.098078889143272e-05
-6.475938048371164e-05
-3.995791561760957e-05
2.6179324025329308e-05
0.00011987374685282605
0.00024388107118333642
0.00032104118410009855
0.00029623971923399637
0.00015294236667429551
-2.342360570687485e-05
-0.0001584538033112084
-0.0003045068741893651
-0.0004422927901121546
-0.0004257584802014197
-0.0003100183108262768
-0.00017498811322194308
-7.027081712062322e-05
-1.240073243305171e-05
1.5156450751506162e-05
2.3423605706873515e-05
2.8935042343785094e-05
2.8935042343785094e-05
1.7912169069961946e-05
1.7912169069961946e-05
2.066788738841773e-05
2.066788738841773e-05
2.6179324025329308e-05
2.8935042343785094e-05
3.444647898069667e-05
4.546935225451981e-05
4.82250705729756e-05
5.098078889143139e-05
5.098078889143139e-05
5.649222552834297e-05
5.9247943846798756e-05
5.373650720988717e-05
5.373650720988717e-05
5.649222552834297e-05
5.649222552834297e-05
6.200366216525454e-05
5.9247943846798756e-05
6.200366216525454e-05
6.475938048371032e-05
6.475938048371032e-05
7.30265354390777e-05
7.853797207598924e-05
9.23165636682682e-05
9.782800030517979e-05
0.00011160659189745871
0.00011987374685282605
0.0001253851834897376
0.00013365233844510492
0.00013640805676356078
0.00015018664835583973
0.0001556980849927513
0.00015845380331120705
0.00016396523994811866
0.00016120952162966288
0.00016396523994811866
0.00016672095826657444
0.00015845380331120705
0.00015845380331120705
0.00015294236667429551
0.00015018664835583973
0.00014467521171892812
0.00013365233844510492
0.0001253851834897376
0.00011987374685282605
0.00010885087357900291
0.00010058371862363556
9.23165636682682e-05
8.129369039444505e-05
7.30265354390777e-05
6.475938048371032e-05
5.9247943846798756e-05
4.82250705729756e-05
3.720219729915245e-05
2.8935042343785094e-05
2.066788738841773e-05
1.2400732433050376e-05
6.8892957961388014e-06
-4.133577477684346e-06
-1.240073243305171e-05
-2.342360570687485e-05
-3.169076066224221e-05
-3.4446478980697995e-05
-4.5469352254521147e-05
-5.3736507209888505e-05
-6.200366216525588e-05
-7.57822537575348e-05
-7.85379720759906e-05
-8.404940871290214e-05
-8.956084534981374e-05
-9.231656366826955e-05
-9.78280003051811e-05
-9.78280003051811e-05
-0.00010333943694209268
-0.00011160659189746003
-0.00010885087357900426
-0.00010885087357900426
-0.00010333943694209268
-0.00010609515526054846
-0.00011160659189746003
-0.00011436231021591582
-0.0001171180285343716
-0.00011436231021591582
-0.00010885087357900426
-0.00010885087357900426
-0.00010333943694209268
-0.00010609515526054846
-0.00010333943694209268
-9.231656366826955e-05
-8.956084534981374e-05
-9.231656366826955e-05
-9.231656366826955e-05
-8.680512703135793e-05
-7.85379720759906e-05
-6.200366216525588e-05
-4.5469352254521147e-05
-3.4446478980697995e-05
-2.342360570687485e-05
-2.8935042343786426e-05
-3.4446478980697995e-05
-3.169076066224221e-05
-2.6179324025330647e-05
-4.133577477684346e-06
1.2400732433050376e-05
1.7912169069961946e-05
2.3423605706873515e-05
2.066788738841773e-05
9.64501411459459e-06
-1.377859159228559e-06
-1.240073243305171e-05
-2.6179324025330647e-05
-4.8225070572976926e-05
-6.751509880216745e-05
-8.680512703135793e-05
-0.00010058371862363688
-0.00010058371862363688
-0.00010058371862363688
-0.00010058371862363688
-9.78280003051811e-05
-0.00010058371862363688
-0.00010058371862363688
-9.78280003051811e-05
-0.00010058371862363688
-0.00010058371862363688
-0.00010058371862363688
-0.00010333943694209268
-0.00010333943694209268
-0.0001198737468528274
-0.0001364080567635621
-0.000150186648355841
-0.0001364080567635621
-9.231656366826955e-05
4.133577477683014e-06
0.00017498811322194178
0.0003596212405584795
0.0004450485084306089
0.00038993414206149314
0.0002135681696803228
8.404940871290084e-05
-2.6179324025330647e-05
-0.0002190796063172357
-0.00039268986037995033
-0.000423002761882964
-0.00031828546578164407
-0.0001997895780880452
-0.00012538518348973897
-9.231656366826955e-05
-8.129369039444639e-05
-8.129369039444639e-05
-7.57822537575348e-05
-7.302653543907902e-05
-7.57822537575348e-05
-7.302653543907902e-05
-7.027081712062322e-05
-6.200366216525588e-05
-5.3736507209888505e-05
-4.8225070572976926e-05
-3.995791561760957e-05
-3.995791561760957e-05
-3.720219729915378e-05
-4.5469352254521147e-05
-4.5469352254521147e-05
-4.5469352254521147e-05
-4.5469352254521147e-05
-3.995791561760957e-05
-4.2713633936065354e-05
-3.995791561760957e-05
-3.720219729915378e-05
-3.169076066224221e-05
-2.6179324025330647e-05
-2.342360570687485e-05
-2.066788738841907e-05
-1.240073243305171e-05
-9.64501411459592e-06
-1.377859159228559e-06
6.8892957961388014e-06
1.5156450751506162e-05
2.8935042343785094e-05
3.444647898069667e-05
4.82250705729756e-05
6.475938048371032e-05
7.30265354390777e-05
8.956084534981241e-05
0.00010333943694209132
0.00011987374685282605
0.00013089662012664922
0.00013365233844510492
0.00014467521171892812
0.00015294236667429551
0.00016120952162966288
0.00016672095826657444
0.00016396523994811866
0.00016120952162966288
0.00015845380331120705
0.00015294236667429551
0.00015018664835583973
0.00013916377508201656
0.00012814090180819342
0.00011711802853437029
0.00010885087357900291
0.00010609515526054714
9.507228198672396e-05
8.404940871290084e-05
7.853797207598924e-05
6.751509880216611e-05
5.649222552834297e-05
3.9957915617608246e-05
1.5156450751506162e-05
-1.240073243305171e-05
-4.5469352254521147e-05
-6.475938048371164e-05
-9.231656366826955e-05
-0.00012538518348973897
-0.0001612095216296642
-0.00019703385976958942
-0.0002108124513618684
-0.0002108124513618684
-0.00020530101472495681
-0.00018325526817731047
-0.00014467521171892948
-9.78280003051811e-05
-7.302653543907902e-05
-8.129369039444639e-05
-8.404940871290214e-05
-8.680512703135793e-05
-9.78280003051811e-05
-9.507228198672531e-05
-9.231656366826955e-05
-9.507228198672531e-05
-9.231656366826955e-05
-8.956084534981374e-05
-0.00010058371862363688
-0.0001198737468528274
-0.0001336523384451063
-0.0001336523384451063
-9.78280003051811e-05
-3.995791561760957e-05
6.475938048371032e-05
0.00026041538109407124
0.0004974071564812689
0.0007095974670023644
0.0008391162279697863
0.0008198261997405958
0.0006076358892195001
0.000263171099412527
-9.507228198672531e-05
-0.0003899341420614945
-0.0005718115510795765
-0.000591101579308767
-0.00054976580453193
-0.0005222086213473721
-0.0004974071564812702
-0.0004560713817044334
-0.00040095701533531767
-0.0003485983672846577
-0.00030726259250782084
-0.0002549039444571609
-0.00018876670481422206
-0.0001198737468528274
-5.9247943846800084e-05
-3.169076066224221e-05
-1.7912169069963278e-05
-1.240073243305171e-05
-2.066788738841907e-05
-1.7912169069963278e-05
-1.240073243305171e-05
-9.64501411459592e-06
-9.64501411459592e-06
-9.64501411459592e-06
-6.889295796140132e-06
-6.889295796140132e-06
-9.64501411459592e-06
-1.240073243305171e-05
-2.066788738841907e-05
-2.066788738841907e-05
-1.5156450751507488e-05
-1.5156450751507488e-05
-1.5156450751507488e-05
-1.5156450751507488e-05
-1.5156450751507488e-05
-1.240073243305171e-05
-1.240073243305171e-05
-6.889295796140132e-06
4.133577477683014e-06
1.2400732433050376e-05
2.3423605706873515e-05
2.8935042343785094e-05
3.720219729915245e-05
5.098078889143139e-05
6.200366216525454e-05
7.578225375753347e-05
8.404940871290084e-05
9.23165636682682e-05
9.782800030517979e-05
9.507228198672396e-05
9.507228198672396e-05
8.956084534981241e-05
9.23165636682682e-05
8.956084534981241e-05
8.129369039444505e-05
7.30265354390777e-05
6.200366216525454e-05
5.098078889143139e-05
3.9957915617608246e-05
2.6179324025329308e-05
1.5156450751506162e-05
4.133577477683014e-06
-1.377859159228559e-06
-9.64501411459592e-06
-2.342360570687485e-05
-3.4446478980697995e-05
-4.2713633936065354e-05
-5.3736507209888505e-05
-5.6492225528344285e-05
-6.475938048371164e-05
-7.302653543907902e-05
-7.85379720759906e-05
-8.680512703135793e-05
-9.231656366826955e-05
-0.00010333943694209268
-0.00010885087357900426
-0.00011436231021591582
-0.00012538518348973897
-0.00012814090180819475
-0.0001336523384451063
-0.0001364080567635621
-0.0001391637750820179
-0.0001391637750820179
-0.0001391637750820179
-0.00014191949340047367
-0.00014743093003738526
-0.00014743093003738526
-0.00014743093003738526
-0.00014467521171892948
-0.00014467521171892948
-0.00014743093003738526
-0.00014743093003738526
-0.00014743093003738526
-0.00014191949340047367
-0.0001364080567635621
-0.0001391637750820179
-0.00014191949340047367
-0.0001364080567635621
-0.0001336523384451063
-0.00012814090180819475
-0.0001336523384451063
-0.0001364080567635621
-0.0001336523384451063
-0.0001336523384451063
-0.0001336523384451063
-0.0001364080567635621
-0.0001336523384451063
-0.00013089662012665053
-0.00013089662012665053
-0.00012538518348973897
-0.00012538518348973897
-0.0001226294651712832
-0.00010885087357900426
-9.231656366826955e-05
-7.57822537575348e-05
-7.302653543907902e-05
-8.129369039444639e-05
-8.404940871290214e-05
-8.404940871290214e-05
-5.098078889143272e-05
-3.720219729915378e-05
-2.342360570687485e-05
-1.5156450751507488e-05
-1.7912169069963278e-05
-3.4446478980697995e-05
-4.8225070572976926e-05
-5.098078889143272e-05
-5.9247943846800084e-05
-8.129369039444639e-05
-0.00010333943694209268
-0.00012814090180819475
-0.00014467521171892948
-0.00014743093003738526
-0.000150186648355841
-0.00014467521171892948
-0.0001391637750820179
-0.0001391637750820179
-0.0001336523384451063
-0.0001391637750820179
-0.0001364080567635621
-0.0001364080567635621
-0.0001391637750820179
-0.0001391637750820179
-0.000150186648355841
-0.00016396523994811996
-0.00018049954985885472
-0.00019703385976958942
-0.00017498811322194308
-0.00011160659189746003
-6.889295796140132e-06
0.00018049954985885336
0.00037615555046921414
0.0004643385366597993
0.0004009570153353164
0.0002135681696803228
8.129369039444505e-05
-5.3736507209888505e-05
-0.0002852168459601746
-0.00048362856488899143
-0.0004918957198443586
-0.0003816669871061273
-0.00026592681773098404
-0.00017223239490348733
-0.00013089662012665053
-0.0001198737468528274
-0.00011160659189746003
-0.00010885087357900426
-0.00011160659189746003
-0.00010885087357900426
-0.00010609515526054846
-9.507228198672531e-05
-8.956084534981374e-05
-8.956084534981374e-05
-8.404940871290214e-05
-8.129369039444639e-05
-7.57822537575348e-05
-7.57822537575348e-05
-7.85379720759906e-05
-7.57822537575348e-05
-7.027081712062322e-05
-7.302653543907902e-05
-6.751509880216745e-05
-6.200366216525588e-05
-5.9247943846800084e-05
-5.6492225528344285e-05
-5.098078889143272e-05
-4.2713633936065354e-05
-3.4446478980697995e-05
-2.6179324025330647e-05
-2.6179324025330647e-05
-2.342360570687485e-05
-1.5156450751507488e-05
-6.889295796140132e-06
6.8892957961388014e-06
1.7912169069961946e-05
3.720219729915245e-05
5.098078889143139e-05
5.9247943846798756e-05
7.853797207598924e-05
8.956084534981241e-05
9.782800030517979e-05
0.00011160659189745871
0.00012262946517128183
0.00013089662012664922
0.00013640805676356078
0.00014191949340047234
0.00015018664835583973
0.00015294236667429551
0.00015018664835583973
0.00014467521171892812
0.00013640805676356078
0.00013916377508201656
0.00013089662012664922
0.00011987374685282605
0.00011160659189745871
0.00010058371862363556
9.23165636682682e-05
8.404940871290084e-05
7.30265354390777e-05
6.475938048371032e-05
5.649222552834297e-05
4.82250705729756e-05
4.271363393606403e-05
3.169076066224089e-05
2.8935042343785094e-05
2.066788738841773e-05
1.2400732433050376e-05
4.133577477683014e-06
-6.889295796140132e-06
-1.7912169069963278e-05
-2.8935042343786426e-05
-4.5469352254521147e-05
-5.098078889143272e-05
-6.200366216525588e-05
-6.751509880216745e-05
-7.027081712062322e-05
-7.85379720759906e-05
-8.404940871290214e-05
-9.507228198672531e-05
-9.78280003051811e-05
-0.00010333943694209268
-0.00011436231021591582
-0.0001171180285343716
-0.00011436231021591582
-0.0001171180285343716
-0.00010885087357900426
-9.507228198672531e-05
-8.129369039444639e-05
-7.027081712062322e-05
-7.027081712062322e-05
-7.85379720759906e-05
-8.129369039444639e-05
-7.57822537575348e-05
-6.200366216525588e-05
-4.5469352254521147e-05
-2.6179324025330647e-05
-6.889295796140132e-06
-9.64501411459592e-06
-2.6179324025330647e-05
-3.4446478980697995e-05
-3.720219729915378e-05
-4.5469352254521147e-05
-5.9247943846800084e-05
-8.680512703135793e-05
-0.00011160659189746003
-0.0001226294651712832
-0.00012814090180819475
-0.00012538518348973897
-0.0001226294651712832
-0.0001226294651712832
-0.0001198737468528274
-0.0001171180285343716
-0.00011436231021591582
-0.00011160659189746003
-0.0001171180285343716
-0.0001198737468528274
-0.00012538518348973897
-0.00013089662012665053
-0.0001364080567635621
-0.00016947667658503157
-0.00020530101472495681
-0.00021632388799877996
-0.00016947667658503157
-7.85379720759906e-05
7.30265354390777e-05
0.0002824611276417174
0.00042300276188296266
0.00041473560692759526
0.00026041538109407124
9.782800030517979e-05
-3.995791561760957e-05
-0.0002604153810940725
-0.0004974071564812702
-0.0005442543678950186
-0.00043402563515678713
-0.0003045068741893651
-0.00018876670481422206
-0.00012538518348973897
-0.00010609515526054846
-0.00010058371862363688
-0.00010058371862363688
-8.956084534981374e-05
-7.85379720759906e-05
-7.85379720759906e-05
-8.129369039444639e-05
-8.404940871290214e-05
-8.680512703135793e-05
-8.129369039444639e-05
-7.57822537575348e-05
-6.200366216525588e-05
-5.9247943846800084e-05
-5.6492225528344285e-05
-5.3736507209888505e-05
-5.3736507209888505e-05
-5.3736507209888505e-05
-5.6492225528344285e-05
-5.6492225528344285e-05
-5.098078889143272e-05
-4.5469352254521147e-05
-3.720219729915378e-05
-3.4446478980697995e-05
-3.169076066224221e-05
-2.6179324025330647e-05
-2.342360570687485e-05
-6.889295796140132e-06
-4.133577477684346e-06
6.8892957961388014e-06
1.5156450751506162e-05
2.6179324025329308e-05
4.546935225451981e-05
5.9247943846798756e-05
7.30265354390777e-05
8.404940871290084e-05
9.507228198672396e-05
0.00011160659189745871
0.00011987374685282605
0.0001253851834897376
0.00013365233844510492
0.00013640805676356078
0.00014467521171892812
0.00014467521171892812
0.00013916377508201656
0.00013365233844510492
0.00013089662012664922
0.00012814090180819342
0.00012262946517128183
0.00011160659189745871
0.00010609515526054714
9.507228198672396e-05
8.404940871290084e-05
7.578225375753347e-05
5.9247943846798756e-05
5.098078889143139e-05
4.546935225451981e-05
3.444647898069667e-05
3.169076066224089e-05
2.066788738841773e-05
1.2400732433050376e-05
4.133577477683014e-06
-4.133577477684346e-06
-9.64501411459592e-06
-2.066788738841907e-05
-3.4446478980697995e-05
-4.8225070572976926e-05
-6.200366216525588e-05
-6.751509880216745e-05
-7.302653543907902e-05
-8.404940871290214e-05
-8.956084534981374e-05
-9.507228198672531e-05
-9.78280003051811e-05
-0.00010333943694209268
-0.00011436231021591582
-0.0001226294651712832
-0.00013089662012665053
-0.00013089662012665053
-0.00012814090180819475
-0.00012814090180819475
-0.00012538518348973897
-0.0001171180285343716
-0.00010885087357900426
-9.231656366826955e-05
-8.404940871290214e-05
-8.956084534981374e-05
-9.78280003051811e-05
-0.00010333943694209268
-0.00010058371862363688
-8.956084534981374e-05
-7.302653543907902e-05
-5.098078889143272e-05
-3.720219729915378e-05
-2.6179324025330647e-05
-4.2713633936065354e-05
-5.098078889143272e-05
-5.3736507209888505e-05
-5.9247943846800084e-05
-7.57822537575348e-05
-0.00010885087357900426
-0.00012814090180819475
-0.0001391637750820179
-0.0001391637750820179
-0.0001364080567635621
-0.0001364080567635621
-0.0001336523384451063
-0.00012814090180819475
-0.00012538518348973897
-0.0001226294651712832
-0.0001226294651712832
-0.0001198737468528274
-0.0001198737468528274
-0.0001226294651712832
-0.0001226294651712832
-0.00013089662012665053
-0.0001584538033112084
-0.00018601098649576628
-0.00019427814145113364
-0.00015569808499275262
-7.302653543907902e-05
5.9247943846798756e-05
0.00027143825436789435
0.0004422927901121532
0.0004808728465705341
0.00035410980392156795
0.00017774383154039756
7.853797207598924e-05
-8.956084534981374e-05
-0.0003320640573739229
-0.00047536140993362393
-0.0004312699168383313
-0.00030726259250782084
-0.00019152242313267784
-0.00012814090180819475
-0.00010609515526054846
-9.78280003051811e-05
-8.956084534981374e-05
-8.680512703135793e-05
-8.680512703135793e-05
-8.680512703135793e-05
-9.231656366826955e-05
-9.507228198672531e-05
-8.956084534981374e-05
-8.680512703135793e-05
-7.85379720759906e-05
-7.027081712062322e-05
-6.751509880216745e-05
-6.200366216525588e-05
-6.475938048371164e-05
-6.200366216525588e-05
-6.200366216525588e-05
-6.475938048371164e-05
-6.475938048371164e-05
-6.475938048371164e-05
-5.9247943846800084e-05
-5.098078889143272e-05
-4.2713633936065354e-05
-3.4446478980697995e-05
-3.169076066224221e-05
-2.8935042343786426e-05
-2.6179324025330647e-05
-2.8935042343786426e-05
-1.240073243305171e-05
-4.133577477684346e-06
1.2400732433050376e-05
2.066788738841773e-05
3.169076066224089e-05
4.82250705729756e-05
6.200366216525454e-05
8.129369039444505e-05
0.00010058371862363556
0.00011160659189745871
0.00012262946517128183
0.00013089662012664922
0.00014191949340047234
0.00014743093003738393
0.00014467521171892812
0.00015018664835583973
0.00015018664835583973
0.00014743093003738393
0.00014191949340047234
0.00013089662012664922
0.00012814090180819342
0.00012262946517128183
0.00011987374685282605
0.00010885087357900291
9.507228198672396e-05
8.404940871290084e-05
7.853797207598924e-05
7.02708171206219e-05
6.475938048371032e-05
5.9247943846798756e-05
5.373650720988717e-05
4.546935225451981e-05
3.169076066224089e-05
2.3423605706873515e-05
1.5156450751506162e-05
1.3778591592272275e-06
-6.889295796140132e-06
-1.7912169069963278e-05
-2.8935042343786426e-05
-4.5469352254521147e-05
-5.9247943846800084e-05
-7.027081712062322e-05
-7.85379720759906e-05
-8.129369039444639e-05
-8.956084534981374e-05
-0.00010058371862363688
-0.00010885087357900426
-0.0001226294651712832
-0.0001364080567635621
-0.000150186648355841
-0.00016947667658503157
-0.00019703385976958942
-0.00021632388799877996
-0.00023285819790951464
-0.00023561391622797047
-0.00024112535286488197
-0.0002466367895017936
-0.00023836963454642628
-0.00023285819790951464
-0.00022734676127260308
-0.00020254529640650095
-0.00016947667658503157
-0.00012538518348973897
-0.00011160659189746003
-0.00011436231021591582
-0.00010333943694209268
-9.78280003051811e-05
-9.78280003051811e-05
-8.129369039444639e-05
-7.85379720759906e-05
-8.404940871290214e-05
-9.78280003051811e-05
-0.00011436231021591582
-0.00010058371862363688
-2.6179324025330647e-05
6.751509880216611e-05
0.00020530101472495543
0.00033206405737392166
0.00035135408560311223
0.00025214822613870384
9.507228198672396e-05
-2.066788738841907e-05
-0.00018049954985885472
-0.00040646845197222917
-0.0004946514381628143
-0.0003982012970168618
-0.0002686825360494398
-0.0001364080567635621
-5.3736507209888505e-05
-1.5156450751507488e-05
4.133577477683014e-06
6.8892957961388014e-06
4.133577477683014e-06
-6.889295796140132e-06
-1.5156450751507488e-05
-1.5156450751507488e-05
-1.240073243305171e-05
-4.133577477684346e-06
1.3778591592272275e-06
6.8892957961388014e-06
9.64501411459459e-06
4.133577477683014e-06
4.133577477683014e-06
6.8892957961388014e-06
9.64501411459459e-06
2.066788738841773e-05
2.066788738841773e-05
2.066788738841773e-05
2.3423605706873515e-05
2.3423605706873515e-05
2.6179324025329308e-05
2.6179324025329308e-05
3.169076066224089e-05
3.720219729915245e-05
4.271363393606403e-05
5.098078889143139e-05
5.649222552834297e-05
5.9247943846798756e-05
6.200366216525454e-05
7.02708171206219e-05
7.853797207598924e-05
8.956084534981241e-05
0.00010333943694209132
0.00011987374685282605
0.00013089662012664922
0.00013916377508201656
0.00015018664835583973
0.00015294236667429551
0.00016120952162966288
0.00016672095826657444
0.00016672095826657444
0.0001694766765850302
0.00016396523994811866
0.0001556980849927513
0.00015294236667429551
0.00014191949340047234
0.00013640805676356078
0.00011711802853437029
0.00011160659189745871
0.00010058371862363556
9.23165636682682e-05
8.129369039444505e-05
7.02708171206219e-05
6.200366216525454e-05
5.098078889143139e-05
4.271363393606403e-05
3.9957915617608246e-05
3.169076066224089e-05
2.6179324025329308e-05
1.5156450751506162e-05
6.8892957961388014e-06
-1.377859159228559e-06
-1.5156450751507488e-05
-2.6179324025330647e-05
-2.8935042343786426e-05
-3.720219729915378e-05
-3.720219729915378e-05
-4.2713633936065354e-05
-5.3736507209888505e-05
-6.200366216525588e-05
-7.302653543907902e-05
-7.85379720759906e-05
-8.404940871290214e-05
-9.507228198672531e-05
-0.00010058371862363688
-0.00010058371862363688
-9.78280003051811e-05
-0.00010058371862363688
-0.00010609515526054846
-0.00010885087357900426
-0.00011160659189746003
-0.00011436231021591582
-0.00011436231021591582
-0.00011436231021591582
-0.00011436231021591582
-0.0001171180285343716
-0.0001171180285343716
-0.0001171180285343716
-0.0001198737468528274
-0.0001198737468528274
-0.00011436231021591582
-0.00011160659189746003
-0.00010609515526054846
-0.00010333943694209268
-0.00010609515526054846
-0.00010058371862363688
-9.78280003051811e-05
-8.956084534981374e-05
-7.85379720759906e-05
-6.200366216525588e-05
-4.5469352254521147e-05
-3.4446478980697995e-05
-2.342360570687485e-05
-2.342360570687485e-05
-3.4446478980697995e-05
-3.169076066224221e-05
-1.5156450751507488e-05
1.3778591592272275e-06
1.5156450751506162e-05
3.169076066224089e-05
3.9957915617608246e-05
3.9957915617608246e-05
2.6179324025329308e-05
1.7912169069961946e-05
9.64501411459459e-06
-2.342360570687485e-05
-5.098078889143272e-05
-6.475938048371164e-05
-7.302653543907902e-05
-7.57822537575348e-05
-7.57822537575348e-05
-7.57822537575348e-05
-7.027081712062322e-05
-6.751509880216745e-05
-7.027081712062322e-05
-7.027081712062322e-05
-7.027081712062322e-05
-7.027081712062322e-05
-6.751509880216745e-05
-7.57822537575348e-05
-8.129369039444639e-05
-9.507228198672531e-05
-0.00010333943694209268
-0.00010609515526054846
-9.507228198672531e-05
-5.6492225528344285e-05
3.720219729915245e-05
0.00019152242313267648
0.0003623769588769353
0.0004395370717936973
0.0003733998321507585
0.00019427814145113231
5.9247943846798756e-05
-5.098078889143272e-05
-0.00022734676127260308
-0.0003844227054245829
-0.00040922417029068495
-0.00030726259250782084
-0.00018876670481422206
-0.00010885087357900426
-7.85379720759906e-05
-6.475938048371164e-05
-6.200366216525588e-05
-6.200366216525588e-05
-5.9247943846800084e-05
-6.475938048371164e-05
-5.6492225528344285e-05
-4.5469352254521147e-05
-3.4446478980697995e-05
-2.342360570687485e-05
-1.7912169069963278e-05
-1.5156450751507488e-05
-1.5156450751507488e-05
-2.066788738841907e-05
-2.342360570687485e-05
-2.6179324025330647e-05
-2.6179324025330647e-05
-2.342360570687485e-05
-2.342360570687485e-05
-1.5156450751507488e-05
-1.5156450751507488e-05
-1.240073243305171e-05
-6.889295796140132e-06
-4.133577477684346e-06
-1.377859159228559e-06
1.3778591592272275e-06
1.3778591592272275e-06
6.8892957961388014e-06
6.8892957961388014e-06
1.2400732433050376e-05
2.066788738841773e-05
2.8935042343785094e-05
4.271363393606403e-05
6.475938048371032e-05
8.404940871290084e-05
9.507228198672396e-05
0.00011160659189745871
0.00011987374685282605
0.00013365233844510492
0.00015294236667429551
0.00016396523994811866
0.000172232394903486
0.00017774383154039756
0.00017774383154039756
0.0001832552681773092
0.0001832552681773092
0.00017774383154039756
0.00017498811322194178
0.00016672095826657444
0.00016672095826657444
0.00015845380331120705
0.00015294236667429551
0.00014743093003738393
0.00013916377508201656
0.00013640805676356078
0.00013365233844510492
0.00012262946517128183
0.00011160659189745871
0.00010333943694209132
9.782800030517979e-05
8.68051270313566e-05
7.02708171206219e-05
5.649222552834297e-05
3.720219729915245e-05
6.8892957961388014e-06
-2.066788738841907e-05
-5.098078889143272e-05
-7.85379720759906e-05
-0.00010333943694209268
-0.0001391637750820179
-0.0001612095216296642
-0.0001612095216296642
-0.00016396523994811996
-0.00015294236667429682
-0.00013089662012665053
-7.85379720759906e-05
-3.4446478980697995e-05
-2.6179324025330647e-05
-2.8935042343786426e-05
-3.169076066224221e-05
-3.995791561760957e-05
-4.5469352254521147e-05
-3.995791561760957e-05
-3.169076066224221e-05
-3.169076066224221e-05
-2.6179324025330647e-05
-2.066788738841907e-05
-3.169076066224221e-05
-4.2713633936065354e-05
-6.200366216525588e-05
-7.027081712062322e-05
-4.8225070572976926e-05
1.3778591592272275e-06
9.507228198672396e-05
0.000263171099412527
0.0004588271000228878
0.0005966130159456772
0.0006103916075379561
0.0004670942549782553
0.0002218353246356902
-3.720219729915378e-05
-0.00045882710002288904
-0.0005194529030289164
-0.0004946514381628143
-0.00045331566338597764
-0.0004147356069275966
-0.00037891126878767127
-0.00035410980392156926
-0.0003100183108262768
-0.0002604153810940725
-0.0002108124513618684
-0.0001584538033112084
-0.00010058371862363688
-3.995791561760957e-05
1.3778591592272275e-06
2.6179324025329308e-05
3.9957915617608246e-05
4.546935225451981e-05
5.098078889143139e-05
5.9247943846798756e-05
6.475938048371032e-05
7.578225375753347e-05
7.578225375753347e-05
7.02708171206219e-05
7.02708171206219e-05
6.751509880216611e-05
7.02708171206219e-05
7.02708171206219e-05
6.751509880216611e-05
6.751509880216611e-05
7.02708171206219e-05
7.02708171206219e-05
7.30265354390777e-05
6.751509880216611e-05
6.751509880216611e-05
7.30265354390777e-05
7.578225375753347e-05
8.68051270313566e-05
9.23165636682682e-05
0.00010333943694209132
0.00011160659189745871
0.0001253851834897376
0.00014191949340047234
0.00015294236667429551
0.00016120952162966288
0.00016672095826657444
0.000172232394903486
0.00017774383154039756
0.00017774383154039756
0.00018049954985885336
0.00018049954985885336
0.00017774383154039756
0.00017498811322194178
0.000172232394903486
0.00016396523994811866
0.0001556980849927513
0.00014743093003738393
0.00013916377508201656
0.00013089662012664922
0.00011711802853437029
0.00010885087357900291
0.00010609515526054714
9.782800030517979e-05
8.956084534981241e-05
7.578225375753347e-05
7.02708171206219e-05
6.751509880216611e-05
5.9247943846798756e-05
5.373650720988717e-05
3.9957915617608246e-05
2.3423605706873515e-05
1.5156450751506162e-05
6.8892957961388014e-06
-1.377859159228559e-06
-9.64501411459592e-06
-1.5156450751507488e-05
-2.342360570687485e-05
-2.6179324025330647e-05
-2.8935042343786426e-05
-3.720219729915378e-05
-4.5469352254521147e-05
-5.098078889143272e-05
-5.3736507209888505e-05
-5.9247943846800084e-05
-7.027081712062322e-05
-7.57822537575348e-05
-7.302653543907902e-05
-7.027081712062322e-05
-6.751509880216745e-05
-6.751509880216745e-05
-7.027081712062322e-05
-6.475938048371164e-05
-6.200366216525588e-05
-6.200366216525588e-05
-5.9247943846800084e-05
-5.3736507209888505e-05
-5.3736507209888505e-05
-5.098078889143272e-05
-4.8225070572976926e-05
-4.8225070572976926e-05
-4.8225070572976926e-05
-4.5469352254521147e-05
-4.5469352254521147e-05
-3.995791561760957e-05
-3.720219729915378e-05
-3.995791561760957e-05
-3.995791561760957e-05
-4.2713633936065354e-05
-3.995791561760957e-05
-3.4446478980697995e-05
-2.6179324025330647e-05
-1.240073243305171e-05
-1.377859159228559e-06
9.64501411459459e-06
1.2400732433050376e-05
4.133577477683014e-06
-4.133577477684346e-06
1.3778591592272275e-06
2.3423605706873515e-05
4.546935225451981e-05
5.373650720988717e-05
6.475938048371032e-05
6.475938048371032e-05
5.373650720988717e-05
4.546935225451981e-05
3.720219729915245e-05
2.3423605706873515e-05
4.133577477683014e-06
-2.066788738841907e-05
-3.995791561760957e-05
-5.3736507209888505e-05
-5.9247943846800084e-05
-5.3736507209888505e-05
-5.3736507209888505e-05
-5.098078889143272e-05
-4.8225070572976926e-05
-4.8225070572976926e-05
-4.8225070572976926e-05
-5.3736507209888505e-05
-5.3736507209888505e-05
-5.6492225528344285e-05
-6.475938048371164e-05
-7.302653543907902e-05
-9.231656366826955e-05
-0.00010058371862363688
-9.507228198672531e-05
-5.6492225528344285e-05
3.169076066224089e-05
0.00017774383154039756
0.0003568655222400236
0.0004505599450675205
0.0004064684519722279
0.00023285819790951333
7.30265354390777e-05
-3.169076066224221e-05
-0.00019703385976958942
-0.00036237695887693665
-0.00040371273365377345
-0.0003100183108262768
-0.00019152242313267784
-9.78280003051811e-05
-6.200366216525588e-05
-5.098078889143272e-05
-4.8225070572976926e-05
-4.8225070572976926e-05
-4.2713633936065354e-05
-4.2713633936065354e-05
-3.995791561760957e-05
-3.169076066224221e-05
-2.342360570687485e-05
-6.889295796140132e-06
-1.377859159228559e-06
-1.377859159228559e-06
6.8892957961388014e-06
4.133577477683014e-06
1.3778591592272275e-06
1.3778591592272275e-06
-1.377859159228559e-06
-1.377859159228559e-06
-4.133577477684346e-06
1.3778591592272275e-06
6.8892957961388014e-06
4.133577477683014e-06
6.8892957961388014e-06
1.2400732433050376e-05
1.7912169069961946e-05
2.3423605706873515e-05
2.6179324025329308e-05
3.169076066224089e-05
3.444647898069667e-05
3.9957915617608246e-05
5.373650720988717e-05
5.9247943846798756e-05
6.475938048371032e-05
7.578225375753347e-05
8.404940871290084e-05
0.00010058371862363556
0.00011436231021591448
0.0001253851834897376
0.00014191949340047234
0.00015294236667429551
0.00016120952162966288
0.00016672095826657444
0.000172232394903486
0.0001832552681773092
0.00018876670481422076
0.00019152242313267648
0.0001832552681773092
0.0001832552681773092
0.00017774383154039756
0.000172232394903486
0.00016672095826657444
0.00016396523994811866
0.00015845380331120705
0.00014743093003738393
0.00013916377508201656
0.00013916377508201656
0.00013089662012664922
0.00012262946517128183
0.00011711802853437029
0.00011436231021591448
0.00010885087357900291
9.507228198672396e-05
8.68051270313566e-05
7.853797207598924e-05
6.751509880216611e-05
5.649222552834297e-05
4.546935225451981e-05
2.8935042343785094e-05
2.066788738841773e-05
6.8892957961388014e-06
1.3778591592272275e-06
-4.133577477684346e-06
-1.240073243305171e-05
-1.5156450751507488e-05
-2.066788738841907e-05
-2.8935042343786426e-05
-3.720219729915378e-05
-4.5469352254521147e-05
-4.8225070572976926e-05
-5.3736507209888505e-05
-5.9247943846800084e-05
-5.3736507209888505e-05
-4.5469352254521147e-05
-3.169076066224221e-05
-2.066788738841907e-05
-1.7912169069963278e-05
-1.5156450751507488e-05
-2.342360570687485e-05
-2.6179324025330647e-05
-2.066788738841907e-05
-6.889295796140132e-06
1.5156450751506162e-05
2.8935042343785094e-05
3.720219729915245e-05
4.82250705729756e-05
4.271363393606403e-05
3.169076066224089e-05
2.8935042343785094e-05
1.5156450751506162e-05
1.3778591592272275e-06
-2.066788738841907e-05
-4.5469352254521147e-05
-6.200366216525588e-05
-7.027081712062322e-05
-6.475938048371164e-05
-6.475938048371164e-05
-6.751509880216745e-05
-6.751509880216745e-05
-7.027081712062322e-05
-7.027081712062322e-05
-6.751509880216745e-05
-6.751509880216745e-05
-6.751509880216745e-05
-7.57822537575348e-05
-7.85379720759906e-05
-9.507228198672531e-05
-0.0001226294651712832
-0.000150186648355841
-0.00014743093003738526
-9.78280003051811e-05
-1.240073243305171e-05
0.00015018664835583973
0.00034584264896620056
0.0004533156633859763
0.00041749132524605104
0.0002493925078202481
9.507228198672396e-05
-6.751509880216745e-05
-0.0003045068741893651
-0.0004891400015259028
-0.00046433853665980087
-0.0003375754940108345
-0.00020254529640650095
-0.00010333943694209268
-5.6492225528344285e-05
-4.5469352254521147e-05
-4.8225070572976926e-05
-3.995791561760957e-05
-3.720219729915378e-05
-3.4446478980697995e-05
-2.6179324025330647e-05
-2.6179324025330647e-05
-2.6179324025330647e-05
-2.6179324025330647e-05
-2.342360570687485e-05
-1.7912169069963278e-05
-1.240073243305171e-05
-4.133577477684346e-06
-1.377859159228559e-06
-1.377859159228559e-06
1.3778591592272275e-06
1.3778591592272275e-06
-1.377859159228559e-06
-4.133577477684346e-06
-6.889295796140132e-06
1.3778591592272275e-06
4.133577477683014e-06
9.64501411459459e-06
1.5156450751506162e-05
2.066788738841773e-05
2.3423605706873515e-05
2.6179324025329308e-05
3.169076066224089e-05
4.546935225451981e-05
5.649222552834297e-05
6.475938048371032e-05
7.853797207598924e-05
8.956084534981241e-05
0.00010609515526054714
0.00011711802853437029
0.00012814090180819342
0.00014191949340047234
0.00015018664835583973
0.00016120952162966288
0.0001694766765850302
0.0001694766765850302
0.00017774383154039756
0.00017774383154039756
0.00017774383154039756
0.00017774383154039756
0.0001694766765850302
0.00016120952162966288
0.0001556980849927513
0.0001556980849927513
0.00014743093003738393
0.00013640805676356078
0.00013089662012664922
0.00011711802853437029
0.00010333943694209132
9.23165636682682e-05
8.129369039444505e-05
7.30265354390777e-05
6.200366216525454e-05
5.9247943846798756e-05
5.649222552834297e-05
4.546935225451981e-05
3.720219729915245e-05
2.3423605706873515e-05
1.2400732433050376e-05
1.3778591592272275e-06
-1.5156450751507488e-05
-2.342360570687485e-05
-2.8935042343786426e-05
-3.720219729915378e-05
-4.2713633936065354e-05
-4.8225070572976926e-05
-5.3736507209888505e-05
-6.475938048371164e-05
-7.57822537575348e-05
-8.404940871290214e-05
-9.78280003051811e-05
-0.00010609515526054846
-0.00010609515526054846
-0.00010609515526054846
-9.78280003051811e-05
-8.680512703135793e-05
-7.57822537575348e-05
-6.475938048371164e-05
-6.200366216525588e-05
-6.475938048371164e-05
-7.302653543907902e-05
-7.57822537575348e-05
-6.475938048371164e-05
-4.5469352254521147e-05
-2.342360570687485e-05
-9.64501411459592e-06
-4.133577477684346e-06
-1.377859159228559e-06
-1.240073243305171e-05
-2.066788738841907e-05
-2.342360570687485e-05
-3.169076066224221e-05
-4.8225070572976926e-05
-7.302653543907902e-05
-9.231656366826955e-05
-0.00010333943694209268
-0.00010609515526054846
-0.00011160659189746003
-0.00011160659189746003
-0.00010885087357900426
-0.00010058371862363688
-9.78280003051811e-05
-9.507228198672531e-05
-8.680512703135793e-05
-8.956084534981374e-05
-8.956084534981374e-05
-9.231656366826955e-05
-9.231656366826955e-05
-9.78280003051811e-05
-0.00011160659189746003
-0.00015569808499275262
-0.00014467521171892948
-8.680512703135793e-05
1.7912169069961946e-05
0.00020530101472495543
0.00040371273365377215
0.0004918957198443572
0.00041473560692759526
0.00023285819790951333
0.00011436231021591448
-2.066788738841907e-05
-0.0002604153810940725
-0.000447804226749066
-0.00043678135347524285
-0.00031828546578164407
-0.00019152242313267784
-0.00010333943694209268
-7.027081712062322e-05
-6.475938048371164e-05
-6.200366216525588e-05
-5.098078889143272e-05
-4.8225070572976926e-05
-5.098078889143272e-05
-5.098078889143272e-05
-5.098078889143272e-05
-5.098078889143272e-05
-4.8225070572976926e-05
-4.2713633936065354e-05
-3.4446478980697995e-05
-2.8935042343786426e-05
-2.6179324025330647e-05
-2.342360570687485e-05
-2.342360570687485e-05
-2.342360570687485e-05
-2.8935042343786426e-05
-2.8935042343786426e-05
-2.6179324025330647e-05
-2.066788738841907e-05
-1.7912169069963278e-05
-9.64501411459592e-06
-9.64501411459592e-06
-4.133577477684346e-06
-1.377859159228559e-06
1.3778591592272275e-06
4.133577477683014e-06
9.64501411459459e-06
2.066788738841773e-05
2.8935042343785094e-05
3.720219729915245e-05
5.098078889143139e-05
6.200366216525454e-05
7.853797207598924e-05
9.507228198672396e-05
0.00010609515526054714
0.00011987374685282605
0.00013365233844510492
0.00014743093003738393
0.00015845380331120705
0.00016120952162966288
0.0001694766765850302
0.000172232394903486
0.000172232394903486
0.00018049954985885336
0.00017498811322194178
0.00016672095826657444
0.00016396523994811866
0.00015845380331120705
0.0001556980849927513
0.00013365233844510492
0.0001253851834897376
0.00011436231021591448
0.00010609515526054714
0.00010058371862363556
9.23165636682682e-05
8.404940871290084e-05
7.30265354390777e-05
6.751509880216611e-05
6.200366216525454e-05
5.098078889143139e-05
4.271363393606403e-05
3.169076066224089e-05
2.3423605706873515e-05
1.5156450751506162e-05
-1.377859159228559e-06
-1.5156450751507488e-05
-2.6179324025330647e-05
-3.4446478980697995e-05
-3.4446478980697995e-05
-4.5469352254521147e-05
-5.3736507209888505e-05
-6.475938048371164e-05
-7.57822537575348e-05
-8.129369039444639e-05
-9.78280003051811e-05
-0.00010885087357900426
-0.0001226294651712832
-0.0001391637750820179
-0.00014467521171892948
-0.00014743093003738526
-0.00015569808499275262
-0.00017223239490348733
-0.00019703385976958942
-0.00021356816968032413
-0.00020530101472495681
-0.00019152242313267784
-0.0001584538033112084
-0.00012538518348973897
-0.00010333943694209268
-8.680512703135793e-05
-8.680512703135793e-05
-9.231656366826955e-05
-8.129369039444639e-05
-7.302653543907902e-05
-7.302653543907902e-05
-7.302653543907902e-05
-6.475938048371164e-05
-6.200366216525588e-05
-6.475938048371164e-05
-7.57822537575348e-05
-0.00010333943694209268
-0.00010333943694209268
-3.720219729915378e-05
5.373650720988717e-05
0.00017774383154039756
0.0003182854657816428
0.00037891126878767
0.00031001831082627527
0.00014743093003738393
2.3423605706873515e-05
-0.0001198737468528274
-0.0003513540856031135
-0.0005029185931181816
-0.00044504850843061025
-0.0003127740291447324
-0.00017498811322194308
-7.85379720759906e-05
-1.5156450751507488e-05
-1.240073243305171e-05
-9.64501411459592e-06
-1.5156450751507488e-05
-1.5156450751507488e-05
-9.64501411459592e-06
-4.133577477684346e-06
6.8892957961388014e-06
4.133577477683014e-06
1.3778591592272275e-06
9.64501411459459e-06
1.2400732433050376e-05
1.5156450751506162e-05
1.5156450751506162e-05
1.2400732433050376e-05
1.7912169069961946e-05
2.066788738841773e-05
2.066788738841773e-05
2.066788738841773e-05
2.3423605706873515e-05
3.169076066224089e-05
3.444647898069667e-05
3.9957915617608246e-05
4.82250705729756e-05
5.373650720988717e-05
5.649222552834297e-05
6.200366216525454e-05
6.475938048371032e-05
7.02708171206219e-05
7.853797207598924e-05
8.404940871290084e-05
9.23165636682682e-05
0.00010609515526054714
0.00012262946517128183
0.00013089662012664922
0.00013640805676356078
0.00015018664835583973
0.00015845380331120705
0.0001694766765850302
0.00017498811322194178
0.00017498811322194178
0.00017774383154039756
0.000172232394903486
0.00016672095826657444
0.00016120952162966288
0.00015294236667429551
0.00014743093003738393
0.00013640805676356078
0.00013089662012664922
0.0001253851834897376
0.00011436231021591448
0.00010333943694209132
9.507228198672396e-05
8.404940871290084e-05
7.853797207598924e-05
6.751509880216611e-05
5.649222552834297e-05
5.098078889143139e-05
4.271363393606403e-05
3.720219729915245e-05
2.3423605706873515e-05
1.2400732433050376e-05
1.3778591592272275e-06
-1.240073243305171e-05
-1.5156450751507488e-05
-2.066788738841907e-05
-3.4446478980697995e-05
-3.995791561760957e-05
-5.6492225528344285e-05
-6.200366216525588e-05
-7.027081712062322e-05
-7.85379720759906e-05
-8.956084534981374e-05
-8.956084534981374e-05
-9.507228198672531e-05
-0.00010609515526054846
-0.00011160659189746003
-0.00011436231021591582
-0.0001198737468528274
-0.0001198737468528274
-0.00012814090180819475
-0.0001336523384451063
-0.0001364080567635621
-0.0001336523384451063
-0.00013089662012665053
-0.0001336523384451063
-0.0001364080567635621
-0.0001336523384451063
-0.0001364080567635621
-0.0001364080567635621
-0.0001336523384451063
-0.00013089662012665053
-0.0001226294651712832
-0.00011160659189746003
-9.507228198672531e-05
-7.57822537575348e-05
-6.475938048371164e-05
-5.6492225528344285e-05
-6.200366216525588e-05
-6.475938048371164e-05
-5.9247943846800084e-05
-4.5469352254521147e-05
-2.342360570687485e-05
-6.889295796140132e-06
4.133577477683014e-06
1.7912169069961946e-05
1.5156450751506162e-05
-1.377859159228559e-06
-1.5156450751507488e-05
-2.342360570687485e-05
-2.6179324025330647e-05
-4.5469352254521147e-05
-7.027081712062322e-05
-8.956084534981374e-05
-0.00010609515526054846
-0.00010333943694209268
-0.00010609515526054846
-0.00010609515526054846
-0.00010058371862363688
-0.00010333943694209268
-0.00010609515526054846
-0.00010058371862363688
-0.00010333943694209268
-0.00010333943694209268
-0.00010058371862363688
-0.00010058371862363688
-0.00010058371862363688
-0.00011436231021591582
-0.00013089662012665053
-0.00014743093003738526
-0.0001391637750820179
-0.00010058371862363688
-1.5156450751507488e-05
0.00014191949340047234
0.0003568655222400236
0.0004918957198443572
0.00032379690241855427
0.0001694766765850302
7.578225375753347e-05
-0.00012814090180819475
-0.00035410980392156926
-0.00044504850843061025
-0.00037339983215075977
-0.0002521482261387052
-0.00014467521171892948
-9.507228198672531e-05
-7.85379720759906e-05
-7.302653543907902e-05
-6.751509880216745e-05
-6.751509880216745e-05
-6.751509880216745e-05
-6.200366216525588e-05
-6.200366216525588e-05
-5.6492225528344285e-05
-5.098078889143272e-05
-4.8225070572976926e-05
-3.995791561760957e-05
-3.720219729915378e-05
-3.995791561760957e-05
-4.2713633936065354e-05
-4.8225070572976926e-05
-4.8225070572976926e-05
-4.5469352254521147e-05
-4.8225070572976926e-05
-4.8225070572976926e-05
-4.2713633936065354e-05
-3.4446478980697995e-05
-2.6179324025330647e-05
-2.066788738841907e-05
-1.5156450751507488e-05
-1.5156450751507488e-05
-9.64501411459592e-06
-4.133577477684346e-06
-1.377859159228559e-06
6.8892957961388014e-06
1.5156450751506162e-05
2.6179324025329308e-05
3.9957915617608246e-05
5.098078889143139e-05
6.475938048371032e-05
7.853797207598924e-05
9.23165636682682e-05
0.00010609515526054714
0.00011987374685282605
0.00013640805676356078
0.00014743093003738393
0.00015845380331120705
0.0001694766765850302
0.0001694766765850302
0.0001694766765850302
0.00017498811322194178
0.00017498811322194178
0.00017774383154039756
0.00017498811322194178
0.0001694766765850302
0.00016672095826657444
0.00016120952162966288
0.0001556980849927513
0.00014743093003738393
0.00013640805676356078
0.00013089662012664922
0.0001253851834897376
0.00011436231021591448
0.00010885087357900291
9.782800030517979e-05
6.751509880216611e-05
5.373650720988717e-05
4.546935225451981e-05
2.8935042343785094e-05
6.8892957961388014e-06
-2.342360570687485e-05
-5.6492225528344285e-05
-8.404940871290214e-05
-0.00011436231021591582
-0.00014467521171892948
-0.0001777438315403989
-0.00020530101472495681
-0.0002080567330434125
-0.0002080567330434125
-0.00020530101472495681
-0.00018601098649576628
-0.0001584538033112084
-0.00010885087357900426
-7.57822537575348e-05
-8.129369039444639e-05
-8.129369039444639e-05
-8.129369039444639e-05
-8.680512703135793e-05
-8.129369039444639e-05
-7.302653543907902e-05
-7.027081712062322e-05
-7.027081712062322e-05
-7.302653543907902e-05
-7.85379720759906e-05
-0.00010885087357900426
-0.0001391637750820179
-0.0001364080567635621
-9.78280003051811e-05
1.7912169069961946e-05
0.0002135681696803228
0.00040371273365377215
0.0005277200579842825
0.0004863842832074457
0.0003127740291447311
0.0001253851834897376
-0.00010333943694209268
-0.00037891126878767127
-0.0005800787060349438
-0.0006269259174486923
-0.00060212445258259
-0.0005745672693980323
-0.0005442543678950186
-0.0005249643396658282
-0.0005166971847104609
-0.0004974071564812702
-0.00045055994506752175
-0.00037339983215075977
-0.00027419397268635144
-0.00016947667658503157
-8.129369039444639e-05
-2.8935042343786426e-05
-1.377859159228559e-06
1.7912169069961946e-05
2.8935042343785094e-05
4.271363393606403e-05
5.373650720988717e-05
5.649222552834297e-05
5.9247943846798756e-05
5.649222552834297e-05
5.9247943846798756e-05
5.9247943846798756e-05
5.649222552834297e-05
6.200366216525454e-05
6.200366216525454e-05
6.751509880216611e-05
7.02708171206219e-05
7.853797207598924e-05
8.68051270313566e-05
9.23165636682682e-05
9.23165636682682e-05
9.23165636682682e-05
9.782800030517979e-05
0.00010609515526054714
0.00011711802853437029
0.00013089662012664922
0.00014743093003738393
0.00015845380331120705
0.000172232394903486
0.00018049954985885336
0.00019152242313267648
0.0001970338597695881
0.00020530101472495543
0.0002135681696803228
0.00021632388799877858
0.0002190796063172344
0.0002190796063172344
0.0002135681696803228
0.00020530101472495543
0.00019152242313267648
0.00018601098649576498
0.00017774383154039756
0.00016672095826657444
0.00015845380331120705
0.00014191949340047234
0.00012262946517128183
0.00010609515526054714
8.956084534981241e-05
8.129369039444505e-05
7.02708171206219e-05
5.9247943846798756e-05
5.098078889143139e-05
4.546935225451981e-05
3.9957915617608246e-05
3.9957915617608246e-05
2.6179324025329308e-05
1.7912169069961946e-05
9.64501411459459e-06
1.3778591592272275e-06
-4.133577477684346e-06
-1.7912169069963278e-05
-2.6179324025330647e-05
-3.4446478980697995e-05
-4.2713633936065354e-05
-4.8225070572976926e-05
-5.6492225528344285e-05
-6.200366216525588e-05
-6.475938048371164e-05
-7.302653543907902e-05
-7.57822537575348e-05
-8.129369039444639e-05
-8.680512703135793e-05
-8.404940871290214e-05
-8.680512703135793e-05
-8.956084534981374e-05
-8.956084534981374e-05
-9.231656366826955e-05
-8.956084534981374e-05
-8.956084534981374e-05
-8.956084534981374e-05
-8.680512703135793e-05
-8.404940871290214e-05
-7.85379720759906e-05
-7.85379720759906e-05
-7.57822537575348e-05
-7.57822537575348e-05
-7.57822537575348e-05
-7.027081712062322e-05
-7.027081712062322e-05
-7.027081712062322e-05
-7.027081712062322e-05
-7.027081712062322e-05
-6.751509880216745e-05
-6.475938048371164e-05
-5.9247943846800084e-05
-5.098078889143272e-05
-3.720219729915378e-05
-1.7912169069963278e-05
-1.5156450751507488e-05
-1.5156450751507488e-05
-2.342360570687485e-05
-3.169076066224221e-05
-1.7912169069963278e-05
-1.377859159228559e-06
1.5156450751506162e-05
2.8935042343785094e-05
3.9957915617608246e-05
5.098078889143139e-05
4.271363393606403e-05
2.6179324025329308e-05
1.5156450751506162e-05
6.8892957961388014e-06
-1.377859159228559e-06
-2.342360570687485e-05
-4.8225070572976926e-05
-7.027081712062322e-05
-7.85379720759906e-05
-7.57822537575348e-05
-6.751509880216745e-05
-7.302653543907902e-05
-7.57822537575348e-05
-7.85379720759906e-05
-8.129369039444639e-05
-7.85379720759906e-05
-8.129369039444639e-05
-8.129369039444639e-05
-8.129369039444639e-05
-8.129369039444639e-05
-8.956084534981374e-05
-0.00010609515526054846
-0.0001198737468528274
-0.00011160659189746003
-7.85379720759906e-05
-4.133577477684346e-06
0.00012814090180819342
0.0003072625925078196
0.00042300276188296266
0.00041749132524605104
0.0002686825360494386
9.507228198672396e-05
-9.64501411459592e-06
-0.00017223239490348733
-0.0003596212405584808
-0.00043953707179369863
-0.000370644113832304
-0.00025765966277561676
-0.000150186648355841
-9.507228198672531e-05
-7.85379720759906e-05
-7.302653543907902e-05
-6.475938048371164e-05
-6.475938048371164e-05
-6.200366216525588e-05
-4.8225070572976926e-05
-3.720219729915378e-05
-2.8935042343786426e-05
-2.066788738841907e-05
-2.342360570687485e-05
-2.342360570687485e-05
-2.6179324025330647e-05
-2.8935042343786426e-05
-2.8935042343786426e-05
-3.169076066224221e-05
-2.6179324025330647e-05
-2.6179324025330647e-05
-2.342360570687485e-05
-2.066788738841907e-05
-1.7912169069963278e-05
-9.64501411459592e-06
-4.133577477684346e-06
-4.133577477684346e-06
-1.377859159228559e-06
4.133577477683014e-06
6.8892957961388014e-06
1.2400732433050376e-05
1.7912169069961946e-05
2.3423605706873515e-05
3.444647898069667e-05
4.546935225451981e-05
5.9247943846798756e-05
7.02708171206219e-05
7.853797207598924e-05
9.23165636682682e-05
0.00010333943694209132
0.00011987374685282605
0.00013089662012664922
0.00013916377508201656
0.00015018664835583973
0.0001556980849927513
0.00016672095826657444
0.0001694766765850302
0.00016672095826657444
0.000172232394903486
0.0001694766765850302
0.00016672095826657444
0.00016120952162966288
0.00014743093003738393
0.00013640805676356078
0.00012814090180819342
0.00011711802853437029
0.00010609515526054714
8.956084534981241e-05
7.578225375753347e-05
5.373650720988717e-05
2.6179324025329308e-05
9.64501411459459e-06
-1.5156450751507488e-05
-4.2713633936065354e-05
-6.751509880216745e-05
-0.00010333943694209268
-0.0001198737468528274
-0.0001226294651712832
-0.00012538518348973897
-0.00011436231021591582
-9.231656366826955e-05
-5.098078889143272e-05
-9.64501411459592e-06
-6.889295796140132e-06
-1.5156450751507488e-05
-2.6179324025330647e-05
-2.8935042343786426e-05
-3.169076066224221e-05
-3.4446478980697995e-05
-3.4446478980697995e-05
-3.995791561760957e-05
-4.2713633936065354e-05
-5.098078889143272e-05
-5.6492225528344285e-05
-7.027081712062322e-05
-8.680512703135793e-05
-0.00010058371862363688
-0.00010333943694209268
-8.680512703135793e-05
-6.200366216525588e-05
-1.240073243305171e-05
0.00011436231021591448
0.000301751155870908
0.0005166971847104594
0.0007481775234607456
0.000960367833981841
0.001125710933089188
0.0011863367360952157
0.001125710933089188
0.0008942305943389022
0.0004974071564812689
4.82250705729756e-05
-0.00030175115587090934
-0.00047260569161516804
-0.0004918957198443586
-0.00043678135347524285
-0.00036788839551384826
-0.0002962397192339978
-0.00024112535286488197
-0.00018876670481422206
-0.00014191949340047367
-9.78280003051811e-05
-6.475938048371164e-05
-5.9247943846800084e-05
-5.6492225528344285e-05
-5.9247943846800084e-05
-5.9247943846800084e-05
-5.6492225528344285e-05
-5.9247943846800084e-05
-6.751509880216745e-05
-6.475938048371164e-05
-6.200366216525588e-05
-6.200366216525588e-05
-6.475938048371164e-05
-7.302653543907902e-05
-7.57822537575348e-05
-8.680512703135793e-05
-8.956084534981374e-05
-9.231656366826955e-05
-0.00010058371862363688
-0.00010609515526054846
-0.00011160659189746003
-0.0001171180285343716
-0.0001198737468528274
-0.00012814090180819475
-0.00013089662012665053
-0.0001336523384451063
-0.0001391637750820179
-0.0001364080567635621
-0.0001391637750820179
-0.0001364080567635621
-0.00013089662012665053
-0.0001336523384451063
-0.00011436231021591582
-0.00010885087357900426
-0.00010058371862363688
-9.507228198672531e-05
-8.404940871290214e-05
-7.57822537575348e-05
-7.302653543907902e-05
-6.751509880216745e-05
-6.200366216525588e-05
-5.3736507209888505e-05
-5.098078889143272e-05
-5.3736507209888505e-05
-5.3736507209888505e-05
-5.3736507209888505e-05
-4.8225070572976926e-05
-4.2713633936065354e-05
-4.5469352254521147e-05
-5.098078889143272e-05
-5.6492225528344285e-05
-6.200366216525588e-05
-6.751509880216745e-05
-7.57822537575348e-05
-7.85379720759906e-05
-8.129369039444639e-05
-8.680512703135793e-05
-8.680512703135793e-05
-8.680512703135793e-05
-8.956084534981374e-05
-8.956084534981374e-05
-9.78280003051811e-05
-0.00010058371862363688
-0.00010058371862363688
-0.00010333943694209268
-0.00010058371862363688
-0.00010058371862363688
-9.78280003051811e-05
-9.507228198672531e-05
-0.00010333943694209268
-0.00010885087357900426
-0.00011160659189746003
-0.00010885087357900426
-0.00010885087357900426
-0.00010885087357900426
-0.00011160659189746003
-0.00010885087357900426
-0.00010885087357900426
-0.00010333943694209268
-0.00010333943694209268
-0.00010058371862363688
-9.507228198672531e-05
-9.507228198672531e-05
-8.956084534981374e-05
-8.956084534981374e-05
-9.507228198672531e-05
-9.507228198672531e-05
-9.507228198672531e-05
-8.680512703135793e-05
-8.404940871290214e-05
-8.404940871290214e-05
-8.404940871290214e-05
-8.129369039444639e-05
-7.85379720759906e-05
-7.57822537575348e-05
-6.751509880216745e-05
-5.3736507209888505e-05
-3.995791561760957e-05
-3.4446478980697995e-05
-2.6179324025330647e-05
-3.4446478980697995e-05
-3.720219729915378e-05
-2.066788738841907e-05
1.3778591592272275e-06
6.8892957961388014e-06
1.2400732433050376e-05
2.066788738841773e-05
1.2400732433050376e-05
4.133577477683014e-06
-1.377859159228559e-06
-1.240073243305171e-05
-2.6179324025330647e-05
-4.8225070572976926e-05
-6.751509880216745e-05
-8.404940871290214e-05
-9.231656366826955e-05
-9.231656366826955e-05
-9.507228198672531e-05
-8.956084534981374e-05
-9.231656366826955e-05
-0.00010058371862363688
-9.78280003051811e-05
-9.507228198672531e-05
-0.00010058371862363688
-9.78280003051811e-05
-9.507228198672531e-05
-9.507228198672531e-05
-0.00010058371862363688
-0.0001171180285343716
-0.0001226294651712832
-0.0001198737468528274
-9.507228198672531e-05
-2.6179324025330647e-05
9.23165636682682e-05
0.00027143825436789435
0.000392689860379949
0.00038717842374303736
0.00024112535286488067
5.373650720988717e-05
-6.200366216525588e-05
-0.0002080567330434125
-0.000370644113832304
-0.00044504850843061025
-0.0003816669871061273
-0.00026592681773098404
-0.00016396523994811996
-0.00011160659189746003
-8.680512703135793e-05
-8.404940871290214e-05
-8.956084534981374e-05
-8.680512703135793e-05
-9.231656366826955e-05
-8.956084534981374e-05
-8.129369039444639e-05
-6.751509880216745e-05
-5.3736507209888505e-05
-4.5469352254521147e-05
-4.8225070572976926e-05
-4.5469352254521147e-05
-4.5469352254521147e-05
-4.5469352254521147e-05
-4.5469352254521147e-05
-4.8225070572976926e-05
-4.8225070572976926e-05
-5.098078889143272e-05
-4.5469352254521147e-05
-3.720219729915378e-05
-3.995791561760957e-05
-3.720219729915378e-05
-3.4446478980697995e-05
-2.8935042343786426e-05
-2.8935042343786426e-05
-2.6179324025330647e-05
-2.342360570687485e-05
-1.7912169069963278e-05
-9.64501411459592e-06
-4.133577477684346e-06
6.8892957961388014e-06
2.066788738841773e-05
3.169076066224089e-05
4.546935225451981e-05
5.649222552834297e-05
7.02708171206219e-05
8.404940871290084e-05
9.507228198672396e-05
0.00010885087357900291
0.00011987374685282605
0.0001253851834897376
0.00013640805676356078
0.00013640805676356078
0.00013640805676356078
0.00013640805676356078
0.00013365233844510492
0.00013365233844510492
0.0001253851834897376
0.00011987374685282605
0.00011436231021591448
0.00010333943694209132
9.782800030517979e-05
9.23165636682682e-05
8.404940871290084e-05
7.853797207598924e-05
7.02708171206219e-05
6.475938048371032e-05
6.200366216525454e-05
5.373650720988717e-05
5.373650720988717e-05
4.82250705729756e-05
3.720219729915245e-05
2.6179324025329308e-05
1.5156450751506162e-05
6.8892957961388014e-06
-4.133577477684346e-06
-1.7912169069963278e-05
-2.8935042343786426e-05
-3.995791561760957e-05
-4.5469352254521147e-05
-4.8225070572976926e-05
-5.9247943846800084e-05
-6.751509880216745e-05
-7.57822537575348e-05
-8.129369039444639e-05
-8.680512703135793e-05
-9.507228198672531e-05
-0.00010333943694209268
-0.00010609515526054846
-0.00010058371862363688
-8.680512703135793e-05
-7.57822537575348e-05
-6.751509880216745e-05
-6.751509880216745e-05
-7.85379720759906e-05
-7.57822537575348e-05
-7.302653543907902e-05
-6.475938048371164e-05
-4.8225070572976926e-05
-1.7912169069963278e-05
-9.64501411459592e-06
-1.5156450751507488e-05
-2.8935042343786426e-05
-4.2713633936065354e-05
-4.8225070572976926e-05
-5.3736507209888505e-05
-7.302653543907902e-05
-9.78280003051811e-05
-0.00011436231021591582
-0.00012538518348973897
-0.0001198737468528274
-0.0001226294651712832
-0.00012538518348973897
-0.00012538518348973897
-0.00012814090180819475
-0.00012538518348973897
-0.00012538518348973897
-0.00012538518348973897
-0.00012538518348973897
-0.00013089662012665053
-0.00012538518348973897
-0.00013089662012665053
-0.00014743093003738526
-0.00016947667658503157
-0.00019703385976958942
-0.00020530101472495681
-0.00017223239490348733
-9.507228198672531e-05
4.546935225451981e-05
0.00024112535286488067
0.0003816669871061258
0.0003844227054245816
0.00023010247959105753
6.751509880216611e-05
-7.57822537575348e-05
-0.0002852168459601746
-0.0004891400015259028
-0.0005222086213473721
-0.00041749132524605234
-0.00029348400091554195
-0.00018325526817731047
-0.0001198737468528274
-0.00010885087357900426
-0.00010609515526054846
-0.00010333943694209268
-0.00010333943694209268
-9.78280003051811e-05
-9.78280003051811e-05
-9.507228198672531e-05
-9.231656366826955e-05
-9.507228198672531e-05
-9.231656366826955e-05
-8.956084534981374e-05
-8.129369039444639e-05
-7.57822537575348e-05
-7.302653543907902e-05
-6.751509880216745e-05
-6.475938048371164e-05
-6.751509880216745e-05
-6.475938048371164e-05
-7.027081712062322e-05
-7.027081712062322e-05
-6.475938048371164e-05
-6.475938048371164e-05
-5.9247943846800084e-05
-5.3736507209888505e-05
-4.8225070572976926e-05
-3.995791561760957e-05
-2.8935042343786426e-05
-2.066788738841907e-05
-1.5156450751507488e-05
-1.377859159228559e-06
9.64501411459459e-06
1.7912169069961946e-05
3.169076066224089e-05
4.546935225451981e-05
5.649222552834297e-05
6.751509880216611e-05
7.853797207598924e-05
8.956084534981241e-05
9.782800030517979e-05
0.00010609515526054714
0.00011160659189745871
0.00011711802853437029
0.00011987374685282605
0.00011160659189745871
0.00010885087357900291
0.00011160659189745871
0.00010058371862363556
9.23165636682682e-05
8.404940871290084e-05
7.853797207598924e-05
7.02708171206219e-05
5.649222552834297e-05
4.82250705729756e-05
3.720219729915245e-05
2.8935042343785094e-05
2.3423605706873515e-05
1.5156450751506162e-05
6.8892957961388014e-06
-1.377859159228559e-06
-1.240073243305171e-05
-1.7912169069963278e-05
-2.6179324025330647e-05
-3.4446478980697995e-05
-3.720219729915378e-05
-5.098078889143272e-05
-6.200366216525588e-05
-7.027081712062322e-05
-7.57822537575348e-05
-8.129369039444639e-05
-9.507228198672531e-05
-0.00010333943694209268
-0.00010609515526054846
-0.0001171180285343716
-0.0001226294651712832
-0.0001336523384451063
-0.00014191949340047367
-0.00014191949340047367
-0.00014743093003738526
-0.0001391637750820179
-0.00012814090180819475
-0.0001198737468528274
-0.00011160659189746003
-0.0001198737468528274
-0.00012538518348973897
-0.00012814090180819475
-0.00012538518348973897
-0.00010609515526054846
-8.404940871290214e-05
-7.57822537575348e-05
-6.475938048371164e-05
-5.9247943846800084e-05
-6.475938048371164e-05
-7.57822537575348e-05
-8.680512703135793e-05
-0.00010333943694209268
-0.00012538518348973897
-0.00014191949340047367
-0.00016396523994811996
-0.00017498811322194308
-0.00017498811322194308
-0.0001777438315403989
-0.00016672095826657574
-0.00016672095826657574
-0.0001612095216296642
-0.00015569808499275262
-0.00015569808499275262
-0.00015294236667429682
-0.00015569808499275262
-0.0001584538033112084
-0.00015569808499275262
-0.0001612095216296642
-0.00017223239490348733
-0.00019427814145113364
-0.00022459104295414727
-0.00022459104295414727
-0.00018601098649576628
-0.00010058371862363688
5.373650720988717e-05
0.000263171099412527
0.00040371273365377215
0.0004009570153353164
0.00024663678950179223
9.23165636682682e-05
-2.6179324025330647e-05
-0.00023010247959105888
-0.00045331566338597764
-0.0005222086213473721
-0.0004285141985198755
-0.0003100183108262768
-0.00020530101472495681
-0.00015294236667429682
-0.00014191949340047367
-0.0001364080567635621
-0.00013089662012665053
-0.00012538518348973897
-0.0001198737468528274
-0.0001198737468528274
-0.0001171180285343716
-0.00011436231021591582
-0.00011436231021591582
-0.00010885087357900426
-0.00010885087357900426
-0.00010333943694209268
-9.78280003051811e-05
-0.00010058371862363688
-9.78280003051811e-05
-0.00010058371862363688
-9.78280003051811e-05
-9.78280003051811e-05
-9.78280003051811e-05
-9.78280003051811e-05
-9.231656366826955e-05
-8.680512703135793e-05
-7.85379720759906e-05
-7.85379720759906e-05
-7.302653543907902e-05
-6.751509880216745e-05
-6.475938048371164e-05
-5.6492225528344285e-05
-5.098078889143272e-05
-4.5469352254521147e-05
-3.4446478980697995e-05
-1.240073243305171e-05
4.133577477683014e-06
1.7912169069961946e-05
3.169076066224089e-05
4.546935225451981e-05
5.9247943846798756e-05
7.30265354390777e-05
8.404940871290084e-05
8.956084534981241e-05
9.507228198672396e-05
9.782800030517979e-05
0.00010333943694209132
0.00010333943694209132
0.00010058371862363556
9.782800030517979e-05
9.23165636682682e-05
9.23165636682682e-05
8.404940871290084e-05
7.578225375753347e-05
6.200366216525454e-05
5.098078889143139e-05
4.82250705729756e-05
3.9957915617608246e-05
2.8935042343785094e-05
2.066788738841773e-05
1.2400732433050376e-05
6.8892957961388014e-06
-4.133577477684346e-06
-1.240073243305171e-05
-2.066788738841907e-05
-2.8935042343786426e-05
-4.2713633936065354e-05
-5.3736507209888505e-05
-6.751509880216745e-05
-7.57822537575348e-05
-8.956084534981374e-05
-9.78280003051811e-05
-0.00010058371862363688
-0.00010885087357900426
-0.0001171180285343716
-0.00012814090180819475
-0.0001391637750820179
-0.00014191949340047367
-0.00015294236667429682
-0.0001584538033112084
-0.00016396523994811996
-0.0001612095216296642
-0.00014467521171892948
-0.0001336523384451063
-0.00012814090180819475
-0.00013089662012665053
-0.0001391637750820179
-0.00014191949340047367
-0.00014191949340047367
-0.0001391637750820179
-0.0001198737468528274
-0.00010333943694209268
-8.404940871290214e-05
-7.027081712062322e-05
-7.302653543907902e-05
-8.129369039444639e-05
-9.507228198672531e-05
-0.00010058371862363688
-0.00010058371862363688
-0.0001226294651712832
-0.00014743093003738526
-0.00016947667658503157
-0.00018601098649576628
-0.00018876670481422206
-0.00018601098649576628
-0.0001777438315403989
-0.00018049954985885472
-0.00017223239490348733
-0.00017223239490348733
-0.00017223239490348733
-0.00017223239490348733
-0.00016947667658503157
-0.00016396523994811996
-0.00016672095826657574
-0.0001777438315403989
-0.00019703385976958942
-0.00023010247959105888
-0.00024388107118333775
-0.00021632388799877996
-0.0001391637750820179
-1.377859159228559e-06
0.00020805673304341124
0.00037891126878767
0.00041473560692759526
0.00027970540932326175
0.00010885087357900291
-1.5156450751507488e-05
-0.00021632388799877996
-0.0004615828183413449
-0.0005663001144426648
-0.0004891400015259028
-0.00036237695887693665
-0.00024939250782024937
-0.0001777438315403989
-0.00015569808499275262
-0.00014743093003738526
-0.00014191949340047367
-0.0001391637750820179
-0.0001336523384451063
-0.00013089662012665053
-0.0001336523384451063
-0.0001336523384451063
-0.0001336523384451063
-0.00012814090180819475
-0.0001198737468528274
-0.0001171180285343716
-0.00011160659189746003
-0.00010885087357900426
-0.00010609515526054846
-0.00010058371862363688
-0.00010333943694209268
-0.00010058371862363688
-0.00010058371862363688
-0.00010058371862363688
-9.507228198672531e-05
-9.231656366826955e-05
-8.680512703135793e-05
-7.85379720759906e-05
-7.57822537575348e-05
-6.751509880216745e-05
-6.200366216525588e-05
-5.9247943846800084e-05
-5.098078889143272e-05
-4.8225070572976926e-05
-3.4446478980697995e-05
-2.066788738841907e-05
-9.64501411459592e-06
1.3778591592272275e-06
1.2400732433050376e-05
3.169076066224089e-05
5.098078889143139e-05
5.649222552834297e-05
7.853797207598924e-05
8.129369039444505e-05
8.956084534981241e-05
9.23165636682682e-05
9.507228198672396e-05
8.956084534981241e-05
8.68051270313566e-05
8.68051270313566e-05
8.129369039444505e-05
7.30265354390777e-05
6.475938048371032e-05
5.373650720988717e-05
4.546935225451981e-05
3.444647898069667e-05
2.3423605706873515e-05
1.5156450751506162e-05
6.8892957961388014e-06
1.3778591592272275e-06
-6.889295796140132e-06
-1.240073243305171e-05
-1.7912169069963278e-05
-2.8935042343786426e-05
-3.4446478980697995e-05
-4.2713633936065354e-05
-5.6492225528344285e-05
-6.751509880216745e-05
-7.85379720759906e-05
-8.956084534981374e-05
-9.507228198672531e-05
-0.00010609515526054846
-0.00011436231021591582
-0.0001198737468528274
-0.00012814090180819475
-0.0001336523384451063
-0.0001364080567635621
-0.00014467521171892948
-0.00015294236667429682
-0.0001584538033112084
-0.00016396523994811996
-0.00016396523994811996
-0.00015294236667429682
-0.0001391637750820179
-0.0001336523384451063
-0.00012814090180819475
-0.0001336523384451063
-0.00014467521171892948
-0.00014743093003738526
-0.00014743093003738526
-0.0001226294651712832
-0.00010058371862363688
-8.680512703135793e-05
-7.027081712062322e-05
-6.751509880216745e-05
-7.302653543907902e-05
-8.956084534981374e-05
-0.00010333943694209268
-0.00010609515526054846
-0.0001171180285343716
-0.00014467521171892948
-0.00016672095826657574
-0.00018325526817731047
-0.00018601098649576628
-0.00018601098649576628
-0.00018876670481422206
-0.00018325526817731047
-0.0001777438315403989
-0.00017223239490348733
-0.00016672095826657574
-0.0001612095216296642
-0.0001612095216296642
-0.0001584538033112084
-0.00015569808499275262
-0.00016672095826657574
-0.00018049954985885472
-0.0002080567330434125
-0.00023010247959105888
-0.00021356816968032413
-0.000150186648355841
-3.995791561760957e-05
0.00015018664835583973
0.00035410980392156795
0.0004505599450675205
0.0003816669871061258
0.00020254529640649968
8.404940871290084e-05
-5.3736507209888505e-05
-0.0002852168459601746
-0.00047536140993362393
-0.00048638428320744705
-0.00037339983215075977
-0.00025765966277561676
-0.00017223239490348733
-0.0001336523384451063
-0.00012814090180819475
-0.00012538518348973897
-0.0001171180285343716
-0.00011160659189746003
-0.00011160659189746003
-0.00011436231021591582
-0.00011436231021591582
-0.00011160659189746003
-0.00010885087357900426
-0.00010609515526054846
-9.78280003051811e-05
-9.231656366826955e-05
-8.404940871290214e-05
-8.404940871290214e-05
-8.404940871290214e-05
-8.956084534981374e-05
-8.956084534981374e-05
-8.404940871290214e-05
-8.129369039444639e-05
-8.129369039444639e-05
-7.85379720759906e-05
-7.85379720759906e-05
-7.027081712062322e-05
-6.475938048371164e-05
-6.475938048371164e-05
-5.9247943846800084e-05
-5.3736507209888505e-05
-4.2713633936065354e-05
-3.4446478980697995e-05
-2.8935042343786426e-05
-1.7912169069963278e-05
-6.889295796140132e-06
1.2400732433050376e-05
2.8935042343785094e-05
3.9957915617608246e-05
5.9247943846798756e-05
7.30265354390777e-05
8.404940871290084e-05
9.507228198672396e-05
0.00010058371862363556
0.00011160659189745871
0.00011711802853437029
0.00011711802853437029
0.00011987374685282605
0.00011711802853437029
0.00011160659189745871
0.00010885087357900291
0.00010609515526054714
9.507228198672396e-05
8.68051270313566e-05
7.578225375753347e-05
6.200366216525454e-05
5.373650720988717e-05
4.82250705729756e-05
3.720219729915245e-05
3.169076066224089e-05
2.6179324025329308e-05
1.7912169069961946e-05
9.64501411459459e-06
-1.377859159228559e-06
-9.64501411459592e-06
-2.066788738841907e-05
-3.169076066224221e-05
-3.995791561760957e-05
-5.098078889143272e-05
-5.9247943846800084e-05
-7.027081712062322e-05
-8.404940871290214e-05
-8.680512703135793e-05
-8.956084534981374e-05
-9.507228198672531e-05
-0.00010333943694209268
-0.00010885087357900426
-0.00010885087357900426
-0.0001198737468528274
-0.00012538518348973897
-0.0001226294651712832
-0.0001171180285343716
-0.00010885087357900426
-0.00010058371862363688
-9.507228198672531e-05
-9.78280003051811e-05
-0.00010609515526054846
-0.00010609515526054846
-0.00010333943694209268
-8.956084534981374e-05
-7.027081712062322e-05
-5.9247943846800084e-05
-4.5469352254521147e-05
-3.169076066224221e-05
-3.995791561760957e-05
-5.3736507209888505e-05
-5.6492225528344285e-05
-6.200366216525588e-05
-7.027081712062322e-05
-9.231656366826955e-05
-0.0001171180285343716
-0.00014191949340047367
-0.00015569808499275262
-0.00014743093003738526
-0.00014743093003738526
-0.00014467521171892948
-0.00014191949340047367
-0.00014191949340047367
-0.0001391637750820179
-0.0001364080567635621
-0.0001364080567635621
-0.0001336523384451063
-0.0001336523384451063
-0.00013089662012665053
-0.00013089662012665053
-0.00017498811322194308
-0.0001997895780880452
-0.00019152242313267784
-0.0001391637750820179
-4.5469352254521147e-05
0.0001253851834897376
0.0003430869306477448
0.0004643385366597993
0.00043126991683832994
0.0002549039444571596
0.00011436231021591448
-1.240073243305171e-05
-0.00023836963454642628
-0.00045055994506752175
-0.0004891400015259028
-0.0003954455786984061
-0.00027143825436789566
-0.00017223239490348733
-0.00012538518348973897
-0.0001171180285343716
-0.00011160659189746003
-0.00010058371862363688
-9.78280003051811e-05
-9.507228198672531e-05
-9.231656366826955e-05
-9.507228198672531e-05
-9.231656366826955e-05
-9.231656366826955e-05
-8.680512703135793e-05
-7.85379720759906e-05
-7.302653543907902e-05
-7.027081712062322e-05
-7.027081712062322e-05
-7.027081712062322e-05
-6.475938048371164e-05
-6.475938048371164e-05
-6.751509880216745e-05
-6.475938048371164e-05
-6.200366216525588e-05
-5.3736507209888505e-05
-4.8225070572976926e-05
-4.8225070572976926e-05
-4.5469352254521147e-05
-3.995791561760957e-05
-2.8935042343786426e-05
-2.066788738841907e-05
-1.5156450751507488e-05
-6.889295796140132e-06
-1.377859159228559e-06
9.64501411459459e-06
2.3423605706873515e-05
3.444647898069667e-05
5.373650720988717e-05
6.751509880216611e-05
7.853797207598924e-05
9.23165636682682e-05
0.00010058371862363556
0.00011160659189745871
0.0001253851834897376
0.00013365233844510492
0.00014191949340047234
0.00013916377508201656
0.00013916377508201656
0.00013365233844510492
0.00013089662012664922
0.00013365233844510492
0.00013089662012664922
0.0001253851834897376
0.00011160659189745871
0.00010609515526054714
9.782800030517979e-05
8.68051270313566e-05
7.853797207598924e-05
7.02708171206219e-05
6.200366216525454e-05
5.649222552834297e-05
4.546935225451981e-05
3.9957915617608246e-05
3.444647898069667e-05
2.8935042343785094e-05
2.6179324025329308e-05
1.5156450751506162e-05
1.3778591592272275e-06
-9.64501411459592e-06
-1.7912169069963278e-05
-2.8935042343786426e-05
-3.995791561760957e-05
-4.5469352254521147e-05
-5.3736507209888505e-05
-6.475938048371164e-05
-6.751509880216745e-05
-7.302653543907902e-05
-8.129369039444639e-05
-8.680512703135793e-05
-8.956084534981374e-05
-8.956084534981374e-05
-8.956084534981374e-05
-8.129369039444639e-05
-7.302653543907902e-05
-6.475938048371164e-05
-5.9247943846800084e-05
-6.751509880216745e-05
-7.302653543907902e-05
-7.027081712062322e-05
-6.475938048371164e-05
-5.098078889143272e-05
-3.169076066224221e-05
-2.342360570687485e-05
-1.240073243305171e-05
-9.64501411459592e-06
-2.066788738841907e-05
-2.8935042343786426e-05
-3.720219729915378e-05
-4.5469352254521147e-05
-5.9247943846800084e-05
-8.129369039444639e-05
-9.78280003051811e-05
-0.00011436231021591582
-0.0001226294651712832
-0.0001226294651712832
-0.0001226294651712832
-0.0001198737468528274
-0.0001171180285343716
-0.0001171180285343716
-0.00011160659189746003
-0.00010609515526054846
-0.00010058371862363688
-0.00010058371862363688
-0.00010609515526054846
-0.00010333943694209268
-0.00011160659189746003
-0.00012538518348973897
-0.00014743093003738526
-0.0001584538033112084
-0.00012538518348973897
-4.5469352254521147e-05
8.68051270313566e-05
0.00041749132524605104
0.0004340256351567857
0.0002989954375524522
0.00013089662012664922
3.169076066224089e-05
-0.00013089662012665053
-0.0003430869306477461
-0.00045331566338597764
-0.0003982012970168618
-0.00027694969100480727
-0.00016396523994811996
-0.00010058371862363688
-8.129369039444639e-05
-7.57822537575348e-05
-7.302653543907902e-05
-6.751509880216745e-05
-6.751509880216745e-05
-6.751509880216745e-05
-6.475938048371164e-05
-5.9247943846800084e-05
-5.3736507209888505e-05
-5.3736507209888505e-05
-4.2713633936065354e-05
-3.4446478980697995e-05
-3.169076066224221e-05
-2.8935042343786426e-05
-3.169076066224221e-05
-3.4446478980697995e-05
-3.4446478980697995e-05
-3.720219729915378e-05
-3.169076066224221e-05
-3.169076066224221e-05
-3.169076066224221e-05
-2.8935042343786426e-05
-2.8935042343786426e-05
-2.066788738841907e-05
-1.5156450751507488e-05
-1.240073243305171e-05
-9.64501411459592e-06
-6.889295796140132e-06
4.133577477683014e-06
1.5156450751506162e-05
2.066788738841773e-05
3.444647898069667e-05
4.82250705729756e-05
5.649222552834297e-05
7.02708171206219e-05
8.404940871290084e-05
9.782800030517979e-05
0.00010609515526054714
0.00011711802853437029
0.00013089662012664922
0.00013640805676356078
0.00014191949340047234
0.00014743093003738393
0.00014743093003738393
0.00015294236667429551
0.00015018664835583973
0.00014467521171892812
0.00014743093003738393
0.00013916377508201656
0.00013089662012664922
0.0001253851834897376
0.00011436231021591448
0.00010885087357900291
9.507228198672396e-05
8.404940871290084e-05
7.578225375753347e-05
6.475938048371032e-05
5.9247943846798756e-05
5.649222552834297e-05
5.373650720988717e-05
3.9957915617608246e-05
3.169076066224089e-05
2.3423605706873515e-05
1.5156450751506162e-05
9.64501411459459e-06
-4.133577477684346e-06
-1.5156450751507488e-05
-2.066788738841907e-05
-2.6179324025330647e-05
-3.169076066224221e-05
-3.720219729915378e-05
-4.2713633936065354e-05
-5.098078889143272e-05
-5.9247943846800084e-05
-6.200366216525588e-05
-6.475938048371164e-05
-7.027081712062322e-05
-6.200366216525588e-05
-5.098078889143272e-05
-4.2713633936065354e-05
-3.169076066224221e-05
-3.4446478980697995e-05
-4.2713633936065354e-05
-4.5469352254521147e-05
-4.5469352254521147e-05
-3.169076066224221e-05
-2.066788738841907e-05
-6.889295796140132e-06
4.133577477683014e-06
1.2400732433050376e-05
9.64501411459459e-06
-1.377859159228559e-06
-9.64501411459592e-06
-1.5156450751507488e-05
-2.8935042343786426e-05
-4.5469352254521147e-05
-7.027081712062322e-05
-8.956084534981374e-05
-9.78280003051811e-05
-0.00010333943694209268
-0.00010058371862363688
-9.78280003051811e-05
-0.00010058371862363688
-0.00010058371862363688
-0.00010058371862363688
-9.507228198672531e-05
-9.231656366826955e-05
-9.78280003051811e-05
-9.78280003051811e-05
-9.507228198672531e-05
-9.231656366826955e-05
-0.00010058371862363688
-0.0001198737468528274
-0.0001391637750820179
-0.0001336523384451063
-8.404940871290214e-05
9.64501411459459e-06
0.00014467521171892812
0.00031001831082627527
0.00040371273365377215
0.00036788839551384685
0.0002135681696803228
6.200366216525454e-05
-7.302653543907902e-05
-0.000423002761882964
-0.00043678135347524285
-0.0003348197756923787
-0.0002190796063172357
-0.00012814090180819475
-8.956084534981374e-05
-7.57822537575348e-05
-6.475938048371164e-05
-6.200366216525588e-05
-5.9247943846800084e-05
-5.6492225528344285e-05
-5.3736507209888505e-05
-5.098078889143272e-05
-4.8225070572976926e-05
-4.2713633936065354e-05
-3.720219729915378e-05
-3.169076066224221e-05
-2.342360570687485e-05
-2.6179324025330647e-05
-2.6179324025330647e-05
-2.6179324025330647e-05
-3.169076066224221e-05
-2.8935042343786426e-05
-2.8935042343786426e-05
-2.8935042343786426e-05
-2.8935042343786426e-05
-2.6179324025330647e-05
-1.7912169069963278e-05
-1.240073243305171e-05
-1.240073243305171e-05
-9.64501411459592e-06
-9.64501411459592e-06
-4.133577477684346e-06
4.133577477683014e-06
9.64501411459459e-06
1.7912169069961946e-05
2.6179324025329308e-05
3.720219729915245e-05
5.373650720988717e-05
5.9247943846798756e-05
7.578225375753347e-05
9.23165636682682e-05
0.00010333943694209132
0.00011987374685282605
0.0001253851834897376
0.00013640805676356078
0.00014467521171892812
0.00015018664835583973
0.0001556980849927513
0.0001556980849927513
0.00015018664835583973
0.00014743093003738393
0.00014467521171892812
0.00014191949340047234
0.00013640805676356078
0.0001253851834897376
0.00011987374685282605
0.00011160659189745871
0.00010885087357900291
0.00010058371862363556
8.956084534981241e-05
8.404940871290084e-05
7.30265354390777e-05
6.751509880216611e-05
6.475938048371032e-05
6.200366216525454e-05
5.373650720988717e-05
4.271363393606403e-05
3.169076066224089e-05
1.7912169069961946e-05
6.8892957961388014e-06
-4.133577477684346e-06
-1.5156450751507488e-05
-2.066788738841907e-05
-2.342360570687485e-05
-2.6179324025330647e-05
-3.4446478980697995e-05
-4.2713633936065354e-05
-4.5469352254521147e-05
-5.3736507209888505e-05
-6.200366216525588e-05
-6.751509880216745e-05
-6.200366216525588e-05
-4.8225070572976926e-05
-3.720219729915378e-05
-3.169076066224221e-05
-2.8935042343786426e-05
-3.4446478980697995e-05
-3.720219729915378e-05
-3.720219729915378e-05
-2.8935042343786426e-05
-1.5156450751507488e-05
-4.133577477684346e-06
6.8892957961388014e-06
1.5156450751506162e-05
6.8892957961388014e-06
-1.377859159228559e-06
-6.889295796140132e-06
-1.5156450751507488e-05
-2.6179324025330647e-05
-4.8225070572976926e-05
-7.027081712062322e-05
-8.404940871290214e-05
-0.00010058371862363688
-9.78280003051811e-05
-9.78280003051811e-05
-9.78280003051811e-05
-9.507228198672531e-05
-9.78280003051811e-05
-9.231656366826955e-05
-8.956084534981374e-05
-8.680512703135793e-05
-8.404940871290214e-05
-8.404940871290214e-05
-8.404940871290214e-05
-8.404940871290214e-05
-9.231656366826955e-05
-0.00010609515526054846
-0.00012538518348973897
-0.00012538518348973897
-8.680512703135793e-05
-6.889295796140132e-06
0.00011711802853437029
0.0002824611276417174
0.000392689860379949
0.00038717842374303736
0.00024112535286488067
7.853797207598924e-05
-4.8225070572976926e-05
-0.00021356816968032413
-0.0003651326771953924
-0.00041197988860914084
-0.00032655262073701135
-0.00020530101472495681
-0.00011436231021591582
-7.302653543907902e-05
-5.6492225528344285e-05
-4.5469352254521147e-05
-4.2713633936065354e-05
-4.2713633936065354e-05
-4.2713633936065354e-05
-4.5469352254521147e-05
-4.2713633936065354e-05
-3.720219729915378e-05
-3.169076066224221e-05
-2.342360570687485e-05
-2.066788738841907e-05
-1.5156450751507488e-05
-1.7912169069963278e-05
-1.7912169069963278e-05
-1.240073243305171e-05
-1.5156450751507488e-05
-1.7912169069963278e-05
-1.5156450751507488e-05
-1.7912169069963278e-05
-1.240073243305171e-05
-9.64501411459592e-06
-9.64501411459592e-06
-6.889295796140132e-06
-1.377859159228559e-06
4.133577477683014e-06
6.8892957961388014e-06
4.133577477683014e-06
9.64501411459459e-06
2.066788738841773e-05
3.169076066224089e-05
4.546935225451981e-05
5.649222552834297e-05
7.02708171206219e-05
7.853797207598924e-05
8.956084534981241e-05
0.00010885087357900291
0.00011711802853437029
0.00012814090180819342
0.00013916377508201656
0.00014191949340047234
0.00015294236667429551
0.0001556980849927513
0.00015294236667429551
0.00015294236667429551
0.00014743093003738393
0.00014467521171892812
0.00013640805676356078
0.00013089662012664922
0.00012814090180819342
0.00012262946517128183
0.00011987374685282605
0.00011711802853437029
0.00010609515526054714
9.782800030517979e-05
8.68051270313566e-05
8.404940871290084e-05
8.404940871290084e-05
7.30265354390777e-05
6.200366216525454e-05
5.373650720988717e-05
5.098078889143139e-05
4.82250705729756e-05
3.169076066224089e-05
2.066788738841773e-05
1.2400732433050376e-05
6.8892957961388014e-06
-4.133577477684346e-06
-1.5156450751507488e-05
-2.342360570687485e-05
-3.169076066224221e-05
-3.169076066224221e-05
-3.995791561760957e-05
-4.8225070572976926e-05
-5.3736507209888505e-05
-6.475938048371164e-05
-5.9247943846800084e-05
-4.8225070572976926e-05
-3.720219729915378e-05
-2.6179324025330647e-05
-2.6179324025330647e-05
-2.8935042343786426e-05
-3.169076066224221e-05
-3.995791561760957e-05
-3.4446478980697995e-05
-2.066788738841907e-05
-6.889295796140132e-06
6.8892957961388014e-06
1.2400732433050376e-05
1.7912169069961946e-05
6.8892957961388014e-06
-9.64501411459592e-06
-1.5156450751507488e-05
-2.8935042343786426e-05
-4.5469352254521147e-05
-6.475938048371164e-05
-8.956084534981374e-05
-0.00010333943694209268
-0.00010609515526054846
-0.00010609515526054846
-0.00010333943694209268
-0.00010609515526054846
-9.78280003051811e-05
-9.507228198672531e-05
-9.231656366826955e-05
-9.231656366826955e-05
-9.507228198672531e-05
-8.956084534981374e-05
-8.680512703135793e-05
-9.231656366826955e-05
-0.00010058371862363688
-0.0001198737468528274
-0.00014743093003738526
-0.0001612095216296642
-0.00014191949340047367
-6.751509880216745e-05
5.098078889143139e-05
0.00023285819790951333
0.0003954455786984048
0.0004340256351567857
0.00032379690241855427
0.00016120952162966288
3.169076066224089e-05
-0.00014743093003738526
-0.0003568655222400251
-0.00045055994506752175
-0.00037891126878767127
-0.0002549039444571609
-0.00014467521171892948
-8.404940871290214e-05
-7.027081712062322e-05
-6.200366216525588e-05
-6.475938048371164e-05
-5.9247943846800084e-05
-5.3736507209888505e-05
-5.6492225528344285e-05
-5.6492225528344285e-05
-5.6492225528344285e-05
-4.8225070572976926e-05
-3.995791561760957e-05
-3.169076066224221e-05
-3.169076066224221e-05
-3.169076066224221e-05
-2.342360570687485e-05
-2.342360570687485e-05
-2.6179324025330647e-05
-2.342360570687485e-05
-2.6179324025330647e-05
-2.342360570687485e-05
-2.342360570687485e-05
-2.6179324025330647e-05
-2.342360570687485e-05
-2.342360570687485e-05
-1.7912169069963278e-05
-9.64501411459592e-06
-6.889295796140132e-06
-1.377859159228559e-06
1.3778591592272275e-06
9.64501411459459e-06
2.066788738841773e-05
2.6179324025329308e-05
3.9957915617608246e-05
5.098078889143139e-05
6.475938048371032e-05
7.853797207598924e-05
8.68051270313566e-05
9.782800030517979e-05
0.00010609515526054714
0.00011436231021591448
0.00013089662012664922
0.00013916377508201656
0.00014191949340047234
0.00014743093003738393
0.00014467521171892812
0.00014467521171892812
0.00014191949340047234
0.00013916377508201656
0.00013365233844510492
0.0001253851834897376
0.00011711802853437029
0.00010885087357900291
0.00010058371862363556
9.507228198672396e-05
8.404940871290084e-05
8.404940871290084e-05
8.129369039444505e-05
7.30265354390777e-05
6.200366216525454e-05
5.649222552834297e-05
5.098078889143139e-05
4.546935225451981e-05
3.169076066224089e-05
1.7912169069961946e-05
9.64501411459459e-06
1.3778591592272275e-06
-4.133577477684346e-06
-2.066788738841907e-05
-3.169076066224221e-05
-3.995791561760957e-05
-4.5469352254521147e-05
-4.8225070572976926e-05
-5.6492225528344285e-05
-6.475938048371164e-05
-7.302653543907902e-05
-8.404940871290214e-05
-8.680512703135793e-05
-8.404940871290214e-05
-7.57822537575348e-05
-6.751509880216745e-05
-5.6492225528344285e-05
-5.098078889143272e-05
-6.200366216525588e-05
-6.751509880216745e-05
-7.027081712062322e-05
-6.200366216525588e-05
-4.5469352254521147e-05
-3.4446478980697995e-05
-2.066788738841907e-05
-1.5156450751507488e-05
-1.7912169069963278e-05
-2.342360570687485e-05
-3.720219729915378e-05
-4.5469352254521147e-05
-5.3736507209888505e-05
-7.57822537575348e-05
-9.507228198672531e-05
-0.0001171180285343716
-0.00013089662012665053
-0.00012814090180819475
-0.00013089662012665053
-0.00013089662012665053
-0.0001226294651712832
-0.0001198737468528274
-0.00011436231021591582
-0.00011160659189746003
-0.00010885087357900426
-0.00010885087357900426
-0.00011160659189746003
-0.00010885087357900426
-0.00010885087357900426
-0.0001198737468528274
-0.0001364080567635621
-0.0001612095216296642
-0.00016672095826657574
-0.0001336523384451063
-5.3736507209888505e-05
9.507228198672396e-05
0.00029623971923399637
0.0004340256351567857
0.0004422927901121532
0.00029623971923399637
0.00014191949340047234
3.169076066224089e-05
-0.00016947667658503157
-0.0003954455786984061
-0.0004698499732967123
-0.00037891126878767127
-0.0002549039444571609
-0.00015294236667429682
-9.78280003051811e-05
-8.129369039444639e-05
-7.85379720759906e-05
-7.57822537575348e-05
-7.302653543907902e-05
-7.027081712062322e-05
-7.302653543907902e-05
-7.027081712062322e-05
-6.200366216525588e-05
-6.200366216525588e-05
-5.6492225528344285e-05
-5.098078889143272e-05
-4.5469352254521147e-05
-3.4446478980697995e-05
-3.4446478980697995e-05
-3.720219729915378e-05
-3.720219729915378e-05
-3.4446478980697995e-05
-3.4446478980697995e-05
-3.4446478980697995e-05
-3.169076066224221e-05
-3.4446478980697995e-05
-2.6179324025330647e-05
-2.066788738841907e-05
-2.066788738841907e-05
-1.5156450751507488e-05
-9.64501411459592e-06
-6.889295796140132e-06
-1.377859159228559e-06
6.8892957961388014e-06
2.066788738841773e-05
3.444647898069667e-05
4.546935225451981e-05
6.200366216525454e-05
7.578225375753347e-05
9.23165636682682e-05
0.00010333943694209132
0.00011436231021591448
0.00013089662012664922
0.00014467521171892812
0.00015294236667429551
0.00015294236667429551
0.0001556980849927513
0.00016120952162966288
0.00015845380331120705
0.00015845380331120705
0.00016120952162966288
0.00015294236667429551
0.00015018664835583973
0.00014467521171892812
0.00013365233844510492
0.00012814090180819342
0.00011711802853437029
0.00010885087357900291
0.00010333943694209132
8.956084534981241e-05
7.853797207598924e-05
7.02708171206219e-05
6.475938048371032e-05
5.9247943846798756e-05
4.82250705729756e-05
3.9957915617608246e-05
2.8935042343785094e-05
1.7912169069961946e-05
9.64501411459459e-06
-4.133577477684346e-06
-1.7912169069963278e-05
-2.8935042343786426e-05
-3.720219729915378e-05
-3.995791561760957e-05
-4.5469352254521147e-05
-5.3736507209888505e-05
-5.9247943846800084e-05
-6.475938048371164e-05
-6.751509880216745e-05
-7.57822537575348e-05
-8.129369039444639e-05
-8.680512703135793e-05
-8.404940871290214e-05
-7.302653543907902e-05
-6.200366216525588e-05
-6.200366216525588e-05
-6.200366216525588e-05
-6.751509880216745e-05
-7.302653543907902e-05
-6.751509880216745e-05
-5.098078889143272e-05
-3.169076066224221e-05
-2.342360570687485e-05
-1.240073243305171e-05
-2.066788738841907e-05
-3.4446478980697995e-05
-4.5469352254521147e-05
-5.098078889143272e-05
-5.3736507209888505e-05
-7.302653543907902e-05
-0.00010058371862363688
-0.0001226294651712832
-0.00013089662012665053
-0.00012538518348973897
-0.0001226294651712832
-0.0001226294651712832
-0.0001198737468528274
-0.0001198737468528274
-0.00011436231021591582
-0.00010885087357900426
-0.00010885087357900426
-0.00011160659189746003
-0.00010885087357900426
-0.00010333943694209268
-0.00010058371862363688
-0.00011436231021591582
-0.00014191949340047367
-0.00016672095826657574
-0.0001612095216296642
-0.00010609515526054846
-1.5156450751507488e-05
0.00015018664835583973
0.0003596212405584795
0.0004726056916151668
0.00043126991683832994
0.0002576596627756154
0.00011436231021591448
-2.342360570687485e-05
-0.0002549039444571609
-0.00045331566338597764
-0.00046709425497825643
-0.00036237695887693665
-0.00023561391622797047
-0.00014467521171892948
-9.78280003051811e-05
-8.404940871290214e-05
-8.404940871290214e-05
-8.129369039444639e-05
-7.57822537575348e-05
-6.751509880216745e-05
-6.475938048371164e-05
-6.751509880216745e-05
-6.751509880216745e-05
-6.475938048371164e-05
-5.9247943846800084e-05
-4.8225070572976926e-05
-3.995791561760957e-05
-3.4446478980697995e-05
-3.4446478980697995e-05
-3.4446478980697995e-05
-2.8935042343786426e-05
-2.6179324025330647e-05
-2.8935042343786426e-05
-2.6179324025330647e-05
-2.6179324025330647e-05
-2.066788738841907e-05
-1.7912169069963278e-05
-1.240073243305171e-05
-9.64501411459592e-06
1.3778591592272275e-06
6.8892957961388014e-06
9.64501411459459e-06
1.2400732433050376e-05
1.7912169069961946e-05
3.169076066224089e-05
4.546935225451981e-05
5.098078889143139e-05
6.200366216525454e-05
7.578225375753347e-05
8.956084534981241e-05
0.00010885087357900291
0.00011711802853437029
0.0001253851834897376
0.00013916377508201656
0.00014467521171892812
0.00015294236667429551
0.00015294236667429551
0.00015294236667429551
0.0001556980849927513
0.00015294236667429551
0.0001556980849927513
0.00015018664835583973
0.00013640805676356078
0.00013089662012664922
0.00012262946517128183
0.00011436231021591448
0.00010609515526054714
9.23165636682682e-05
8.956084534981241e-05
8.129369039444505e-05
7.02708171206219e-05
6.200366216525454e-05
5.098078889143139e-05
4.271363393606403e-05
3.444647898069667e-05
2.6179324025329308e-05
2.066788738841773e-05
6.8892957961388014e-06
-6.889295796140132e-06
-1.7912169069963278e-05
-3.169076066224221e-05
-3.995791561760957e-05
-4.8225070572976926e-05
-5.3736507209888505e-05
-5.6492225528344285e-05
-6.751509880216745e-05
-7.302653543907902e-05
-7.85379720759906e-05
-8.680512703135793e-05
-9.231656366826955e-05
-0.00010333943694209268
-0.00010609515526054846
-0.00010333943694209268
-9.78280003051811e-05
-8.404940871290214e-05
-7.85379720759906e-05
-7.57822537575348e-05
-7.85379720759906e-05
-8.956084534981374e-05
-9.231656366826955e-05
-8.680512703135793e-05
-7.302653543907902e-05
-5.098078889143272e-05
-3.995791561760957e-05
-3.720219729915378e-05
-4.8225070572976926e-05
-5.6492225528344285e-05
-6.475938048371164e-05
-7.302653543907902e-05
-8.680512703135793e-05
-0.00011436231021591582
-0.0001336523384451063
-0.00014467521171892948
-0.000150186648355841
-0.00014467521171892948
-0.00014743093003738526
-0.00014191949340047367
-0.0001364080567635621
-0.0001364080567635621
-0.0001336523384451063
-0.0001336523384451063
-0.00013089662012665053
-0.00012538518348973897
-0.00012538518348973897
-0.0001226294651712832
-0.00012814090180819475
-0.00014743093003738526
-0.00016947667658503157
-0.0001777438315403989
-0.00014743093003738526
-6.200366216525588e-05
7.30265354390777e-05
0.00027970540932326175
0.0004395370717936973
0.0004643385366597993
0.00033206405737392166
0.00016120952162966288
5.373650720988717e-05
-0.0001226294651712832
-0.00036237695887693665
-0.00048638428320744705
-0.0004312699168383313
-0.0003100183108262768
-0.00019427814145113364
-0.00013089662012665053
-0.00010609515526054846
-0.00010333943694209268
-9.78280003051811e-05
-8.956084534981374e-05
-8.956084534981374e-05
-8.956084534981374e-05
-8.956084534981374e-05
-8.956084534981374e-05
-8.404940871290214e-05
-8.129369039444639e-05
-7.57822537575348e-05
-6.751509880216745e-05
-6.200366216525588e-05
-5.6492225528344285e-05
-5.3736507209888505e-05
-5.3736507209888505e-05
-5.3736507209888505e-05
-5.9247943846800084e-05
-5.3736507209888505e-05
-5.098078889143272e-05
-5.098078889143272e-05
-4.5469352254521147e-05
-4.5469352254521147e-05
-3.995791561760957e-05
-2.6179324025330647e-05
-2.066788738841907e-05
-1.5156450751507488e-05
-4.133577477684346e-06
9.64501411459459e-06
1.7912169069961946e-05
2.8935042343785094e-05
3.720219729915245e-05
4.82250705729756e-05
6.475938048371032e-05
8.129369039444505e-05
9.23165636682682e-05
0.00010333943694209132
0.00011987374685282605
0.00013365233844510492
0.00014743093003738393
0.00015294236667429551
0.00015845380331120705
0.00016120952162966288
0.00016396523994811866
0.00016396523994811866
0.00015845380331120705
0.0001556980849927513
0.00015018664835583973
0.00014191949340047234
0.00013640805676356078
0.0001253851834897376
0.00011987374685282605
0.00011160659189745871
0.00010333943694209132
9.782800030517979e-05
8.68051270313566e-05
7.853797207598924e-05
7.30265354390777e-05
6.475938048371032e-05
5.9247943846798756e-05
4.82250705729756e-05
3.9957915617608246e-05
3.169076066224089e-05
2.3423605706873515e-05
1.2400732433050376e-05
1.3778591592272275e-06
-1.240073243305171e-05
-2.066788738841907e-05
-2.8935042343786426e-05
-3.169076066224221e-05
-3.720219729915378e-05
-5.098078889143272e-05
-5.3736507209888505e-05
-5.9247943846800084e-05
-6.475938048371164e-05
-7.027081712062322e-05
-7.57822537575348e-05
-8.129369039444639e-05
-8.129369039444639e-05
-7.027081712062322e-05
-5.6492225528344285e-05
-5.098078889143272e-05
-4.8225070572976926e-05
-5.3736507209888505e-05
-6.200366216525588e-05
-6.200366216525588e-05
-5.6492225528344285e-05
-3.995791561760957e-05
-2.066788738841907e-05
-6.889295796140132e-06
6.8892957961388014e-06
9.64501411459459e-06
-4.133577477684346e-06
-1.7912169069963278e-05
-2.6179324025330647e-05
-4.5469352254521147e-05
-7.57822537575348e-05
-9.78280003051811e-05
-0.00011436231021591582
-0.00011436231021591582
-0.00011160659189746003
-0.0001171180285343716
-0.00011160659189746003
-0.00010333943694209268
-9.78280003051811e-05
-9.78280003051811e-05
-9.507228198672531e-05
-8.956084534981374e-05
-9.507228198672531e-05
-0.00010058371862363688
-9.78280003051811e-05
-0.00011160659189746003
-0.00012814090180819475
-0.00015294236667429682
-0.00015569808499275262
-0.0001171180285343716
-3.4446478980697995e-05
0.00010609515526054714
0.0003182854657816428
0.0004726056916151668
0.00048362856488898997
0.000340331212329289
0.00016672095826657444
5.098078889143139e-05
-0.00014191949340047367
-0.00037339983215075977
-0.0004698499732967123
-0.0003982012970168618
-0.00027419397268635144
-0.0001612095216296642
-0.00010058371862363688
-7.85379720759906e-05
-7.027081712062322e-05
-6.751509880216745e-05
-6.200366216525588e-05
-6.200366216525588e-05
-5.9247943846800084e-05
-6.200366216525588e-05
-5.6492225528344285e-05
-5.098078889143272e-05
-4.8225070572976926e-05
-4.2713633936065354e-05
-3.995791561760957e-05
-3.995791561760957e-05
-3.4446478980697995e-05
-3.720219729915378e-05
-3.4446478980697995e-05
-3.4446478980697995e-05
-3.720219729915378e-05
-3.720219729915378e-05
-3.720219729915378e-05
-3.169076066224221e-05
-2.342360570687485e-05
-2.066788738841907e-05
-1.5156450751507488e-05
-1.240073243305171e-05
-6.889295796140132e-06
-1.377859159228559e-06
4.133577477683014e-06
1.2400732433050376e-05
1.5156450751506162e-05
2.3423605706873515e-05
3.9957915617608246e-05
5.098078889143139e-05
8.129369039444505e-05
9.507228198672396e-05
0.00011160659189745871
0.00012262946517128183
0.00013365233844510492
0.00014467521171892812
0.00015018664835583973
0.00016120952162966288
0.00016396523994811866
0.00016120952162966288
0.00016396523994811866
0.00016396523994811866
0.00016120952162966288
0.00015845380331120705
0.00015294236667429551
0.00014743093003738393
0.00013916377508201656
0.00012814090180819342
0.0001253851834897376
0.00011436231021591448
0.00010609515526054714
9.782800030517979e-05
9.23165636682682e-05
8.68051270313566e-05
7.578225375753347e-05
6.475938048371032e-05
5.9247943846798756e-05
5.098078889143139e-05
4.82250705729756e-05
3.9957915617608246e-05
2.8935042343785094e-05
1.7912169069961946e-05
1.3778591592272275e-06
-9.64501411459592e-06
-1.5156450751507488e-05
-2.6179324025330647e-05
-3.169076066224221e-05
-3.720219729915378e-05
-4.2713633936065354e-05
-4.8225070572976926e-05
-5.6492225528344285e-05
-6.200366216525588e-05
-7.302653543907902e-05
-8.129369039444639e-05
-8.404940871290214e-05
-8.956084534981374e-05
-8.129369039444639e-05
-7.027081712062322e-05
-6.475938048371164e-05
-5.3736507209888505e-05
-5.9247943846800084e-05
-7.027081712062322e-05
-7.57822537575348e-05
-7.57822537575348e-05
-6.475938048371164e-05
-4.5469352254521147e-05
-2.8935042343786426e-05
-1.7912169069963278e-05
-1.5156450751507488e-05
-1.240073243305171e-05
-2.6179324025330647e-05
-3.995791561760957e-05
-3.995791561760957e-05
-4.8225070572976926e-05
-6.200366216525588e-05
-8.404940871290214e-05
-0.00010885087357900426
-0.0001198737468528274
-0.0001198737468528274
-0.00011436231021591582
-0.00011160659189746003
-0.00010333943694209268
-9.78280003051811e-05
-9.507228198672531e-05
-9.231656366826955e-05
-9.231656366826955e-05
-9.231656366826955e-05
-9.231656366826955e-05
-9.507228198672531e-05
-0.00010058371862363688
-0.00012538518348973897
-0.000150186648355841
-0.00014743093003738526
-0.00010058371862363688
-1.377859159228559e-06
0.00015845380331120705
0.0003623769588769353
0.0004891400015259016
0.0004670942549782553
0.000301751155870908
0.00015018664835583973
3.169076066224089e-05
-0.0001612095216296642
-0.00037615555046921565
-0.0004422927901121546
-0.0003568655222400251
-0.00024388107118333775
-0.00014191949340047367
-8.956084534981374e-05
-7.027081712062322e-05
-5.9247943846800084e-05
-5.9247943846800084e-05
-5.9247943846800084e-05
-5.9247943846800084e-05
-6.751509880216745e-05
-6.200366216525588e-05
-5.3736507209888505e-05
-5.098078889143272e-05
-4.2713633936065354e-05
-3.4446478980697995e-05
-2.8935042343786426e-05
-2.6179324025330647e-05
-2.6179324025330647e-05
-2.8935042343786426e-05
-3.169076066224221e-05
-2.8935042343786426e-05
-2.6179324025330647e-05
-2.8935042343786426e-05
-2.6179324025330647e-05
-2.342360570687485e-05
-1.7912169069963278e-05
-6.889295796140132e-06
-6.889295796140132e-06
-4.133577477684346e-06
1.3778591592272275e-06
6.8892957961388014e-06
2.066788738841773e-05
2.3423605706873515e-05
2.8935042343785094e-05
3.444647898069667e-05
4.546935225451981e-05
5.9247943846798756e-05
7.30265354390777e-05
8.956084534981241e-05
0.00010609515526054714
0.00011711802853437029
0.00014743093003738393
0.00015018664835583973
0.00015845380331120705
0.00016396523994811866
0.0001694766765850302
0.000172232394903486
0.000172232394903486
0.0001694766765850302
0.00016396523994811866
0.00016396523994811866
0.00015845380331120705
0.00014467521171892812
0.00013916377508201656
0.00013365233844510492
0.00012814090180819342
0.0001253851834897376
0.00011436231021591448
0.00010609515526054714
0.00010058371862363556
9.782800030517979e-05
9.507228198672396e-05
8.68051270313566e-05
8.129369039444505e-05
7.578225375753347e-05
6.475938048371032e-05
5.9247943846798756e-05
5.373650720988717e-05
4.271363393606403e-05
3.169076066224089e-05
2.6179324025329308e-05
2.8935042343785094e-05
4.271363393606403e-05
5.098078889143139e-05
6.200366216525454e-05
6.751509880216611e-05
7.30265354390777e-05
7.853797207598924e-05
7.30265354390777e-05
6.475938048371032e-05
5.649222552834297e-05
2.3423605706873515e-05
-1.7912169069963278e-05
-5.098078889143272e-05
-5.3736507209888505e-05
-4.8225070572976926e-05
-5.6492225528344285e-05
-6.200366216525588e-05
-7.027081712062322e-05
-7.57822537575348e-05
-8.404940871290214e-05
-8.956084534981374e-05
-8.956084534981374e-05
-9.507228198672531e-05
-0.00010058371862363688
-0.00010333943694209268
-0.00010885087357900426
-0.00010885087357900426
-0.00010609515526054846
-0.00010885087357900426
-0.00010609515526054846
-0.00010609515526054846
-9.78280003051811e-05
-8.956084534981374e-05
-0.00010609515526054846
-0.00012814090180819475
-0.000150186648355841
-0.000150186648355841
-8.680512703135793e-05
0.0001832552681773092
0.00034584264896620056
0.00038993414206149314
0.0002852168459601733
0.00011711802853437029
9.64501411459459e-06
-0.0001391637750820179
-0.0003430869306477461
-0.00045055994506752175
-0.0003871784237430386
-0.00027143825436789566
-0.0001584538033112084
-8.680512703135793e-05
-6.200366216525588e-05
-5.6492225528344285e-05
-5.6492225528344285e-05
-5.6492225528344285e-05
-5.3736507209888505e-05
-4.8225070572976926e-05
-4.2713633936065354e-05
-4.2713633936065354e-05
-3.720219729915378e-05
-3.720219729915378e-05
-3.169076066224221e-05
-2.066788738841907e-05
-1.7912169069963278e-05
-1.5156450751507488e-05
-9.64501411459592e-06
-9.64501411459592e-06
-4.133577477684346e-06
-9.64501411459592e-06
-1.240073243305171e-05
-9.64501411459592e-06
-9.64501411459592e-06
-6.889295796140132e-06
-4.133577477684346e-06
1.3778591592272275e-06
9.64501411459459e-06
6.8892957961388014e-06
9.64501411459459e-06
1.5156450751506162e-05
1.7912169069961946e-05
2.6179324025329308e-05
3.444647898069667e-05
4.546935225451981e-05
5.649222552834297e-05
6.751509880216611e-05
8.404940871290084e-05
9.507228198672396e-05
0.00011160659189745871
0.00012814090180819342
0.00013365233844510492
0.00014191949340047234
0.00015018664835583973
0.00015294236667429551
0.00015845380331120705
0.00015845380331120705
0.00015845380331120705
0.00015294236667429551
0.00014467521171892812
0.00014191949340047234
0.00013640805676356078
0.00013089662012664922
0.00012814090180819342
0.00011711802853437029
0.00011160659189745871
0.00010333943694209132
9.23165636682682e-05
8.129369039444505e-05
7.578225375753347e-05
7.30265354390777e-05
6.475938048371032e-05
5.9247943846798756e-05
4.82250705729756e-05
4.271363393606403e-05
3.720219729915245e-05
2.066788738841773e-05
9.64501411459459e-06
4.133577477683014e-06
-1.377859159228559e-06
-1.377859159228559e-06
-6.889295796140132e-06
-1.5156450751507488e-05
-2.342360570687485e-05
-3.4446478980697995e-05
-3.995791561760957e-05
-5.098078889143272e-05
-5.6492225528344285e-05
-5.9247943846800084e-05
-6.751509880216745e-05
-7.027081712062322e-05
-7.027081712062322e-05
-7.85379720759906e-05
-8.404940871290214e-05
-9.231656366826955e-05
-9.507228198672531e-05
-9.507228198672531e-05
-9.507228198672531e-05
-9.78280003051811e-05
-0.00010058371862363688
-0.00010609515526054846
-9.78280003051811e-05
-0.00010058371862363688
-9.78280003051811e-05
-9.507228198672531e-05
-9.231656366826955e-05
-7.302653543907902e-05
-5.098078889143272e-05
-3.4446478980697995e-05
-2.342360570687485e-05
-2.342360570687485e-05
-2.342360570687485e-05
-2.6179324025330647e-05
-1.7912169069963278e-05
4.133577477683014e-06
1.7912169069961946e-05
3.169076066224089e-05
4.271363393606403e-05
4.271363393606403e-05
3.720219729915245e-05
2.8935042343785094e-05
2.3423605706873515e-05
1.7912169069961946e-05
1.3778591592272275e-06
-2.066788738841907e-05
-4.2713633936065354e-05
-5.9247943846800084e-05
-6.200366216525588e-05
-6.475938048371164e-05
-6.475938048371164e-05
-6.475938048371164e-05
-6.200366216525588e-05
-5.9247943846800084e-05
-6.200366216525588e-05
-6.475938048371164e-05
-6.475938048371164e-05
-6.475938048371164e-05
-6.200366216525588e-05
-7.302653543907902e-05
-7.85379720759906e-05
-9.507228198672531e-05
-9.507228198672531e-05
-6.751509880216745e-05
-1.377859159228559e-06
0.00011711802853437029
0.0002879725642786291
0.00043126991683832994
0.0004588271000228878
0.00032655262073701005
0.00013640805676356078
4.133577477683014e-06
-0.0001584538033112084
-0.0003210411841000998
-0.0003982012970168618
-0.0003348197756923787
-0.00021632388799877996
-0.0001198737468528274
-6.751509880216745e-05
-5.6492225528344285e-05
-5.3736507209888505e-05
-5.098078889143272e-05
-5.098078889143272e-05
-4.8225070572976926e-05
-4.8225070572976926e-05
-3.995791561760957e-05
-2.8935042343786426e-05
-2.342360570687485e-05
-1.5156450751507488e-05
-9.64501411459592e-06
-1.240073243305171e-05
-1.5156450751507488e-05
-2.066788738841907e-05
-2.066788738841907e-05
-1.7912169069963278e-05
-1.5156450751507488e-05
-1.240073243305171e-05
-1.240073243305171e-05
-9.64501411459592e-06
-4.133577477684346e-06
-4.133577477684346e-06
-1.377859159228559e-06
4.133577477683014e-06
6.8892957961388014e-06
9.64501411459459e-06
1.2400732433050376e-05
1.5156450751506162e-05
2.066788738841773e-05
2.6179324025329308e-05
3.444647898069667e-05
3.9957915617608246e-05
5.098078889143139e-05
6.475938048371032e-05
7.02708171206219e-05
8.956084534981241e-05
0.00010609515526054714
0.00011436231021591448
0.00012814090180819342
0.00014191949340047234
0.00014743093003738393
0.0001556980849927513
0.00016120952162966288
0.00016672095826657444
0.00016672095826657444
0.00016672095826657444
0.0001694766765850302
0.00015845380331120705
0.0001556980849927513
0.00015018664835583973
0.00015294236667429551
0.00014743093003738393
0.00014467521171892812
0.00014467521171892812
0.00013640805676356078
0.00013089662012664922
0.0001253851834897376
0.00011987374685282605
0.00011436231021591448
0.00010885087357900291
0.00010333943694209132
9.782800030517979e-05
8.129369039444505e-05
7.853797207598924e-05
7.02708171206219e-05
6.200366216525454e-05
5.098078889143139e-05
3.720219729915245e-05
3.169076066224089e-05
2.3423605706873515e-05
1.7912169069961946e-05
1.5156450751506162e-05
4.133577477683014e-06
-1.377859159228559e-06
-4.133577477684346e-06
-1.5156450751507488e-05
-2.342360570687485e-05
-3.4446478980697995e-05
-3.995791561760957e-05
-4.5469352254521147e-05
-4.8225070572976926e-05
-3.995791561760957e-05
-3.169076066224221e-05
-2.066788738841907e-05
-6.889295796140132e-06
-1.377859159228559e-06
-1.377859159228559e-06
-4.133577477684346e-06
-1.240073243305171e-05
-9.64501411459592e-06
4.133577477683014e-06
2.6179324025329308e-05
3.720219729915245e-05
3.9957915617608246e-05
4.82250705729756e-05
4.271363393606403e-05
3.444647898069667e-05
2.8935042343785094e-05
2.066788738841773e-05
6.8892957961388014e-06
-1.5156450751507488e-05
-3.995791561760957e-05
-4.8225070572976926e-05
-5.9247943846800084e-05
-6.200366216525588e-05
-6.475938048371164e-05
-6.200366216525588e-05
-5.6492225528344285e-05
-5.3736507209888505e-05
-5.6492225528344285e-05
-5.6492225528344285e-05
-5.6492225528344285e-05
-5.3736507209888505e-05
-5.6492225528344285e-05
-6.200366216525588e-05
-8.129369039444639e-05
-9.78280003051811e-05
-0.00011160659189746003
-9.507228198672531e-05
-2.066788738841907e-05
8.404940871290084e-05
0.00024663678950179223
0.00038993414206149314
0.00042300276188296266
0.00032104118410009855
0.00015018664835583973
1.7912169069961946e-05
-0.0001364080567635621
-0.00032655262073701135
-0.00043402563515678713
-0.00037891126878767127
-0.00026592681773098404
-0.00014743093003738526
-8.404940871290214e-05
-6.751509880216745e-05
-6.200366216525588e-05
-6.200366216525588e-05
-5.6492225528344285e-05
-5.3736507209888505e-05
-5.3736507209888505e-05
-5.098078889143272e-05
-4.5469352254521147e-05
-3.995791561760957e-05
-3.169076066224221e-05
-2.8935042343786426e-05
-2.342360570687485e-05
-2.066788738841907e-05
-1.7912169069963278e-05
-1.240073243305171e-05
-1.5156450751507488e-05
-1.5156450751507488e-05
-1.240073243305171e-05
-1.5156450751507488e-05
-9.64501411459592e-06
-9.64501411459592e-06
-1.240073243305171e-05
-9.64501411459592e-06
-6.889295796140132e-06
1.3778591592272275e-06
6.8892957961388014e-06
9.64501411459459e-06
1.2400732433050376e-05
1.7912169069961946e-05
2.8935042343785094e-05
3.169076066224089e-05
3.444647898069667e-05
4.546935225451981e-05
5.649222552834297e-05
6.751509880216611e-05
8.404940871290084e-05
9.507228198672396e-05
0.00010609515526054714
0.00011436231021591448
0.00013089662012664922
0.00014467521171892812
0.00014743093003738393
0.00015018664835583973
0.0001556980849927513
0.00015845380331120705
0.00016396523994811866
0.00016396523994811866
0.0001556980849927513
0.00014743093003738393
0.00013640805676356078
0.0001253851834897376
0.00011436231021591448
0.00010885087357900291
0.00010058371862363556
9.507228198672396e-05
8.956084534981241e-05
8.129369039444505e-05
8.129369039444505e-05
7.578225375753347e-05
7.02708171206219e-05
6.200366216525454e-05
5.373650720988717e-05
4.546935225451981e-05
3.169076066224089e-05
2.066788738841773e-05
1.2400732433050376e-05
-1.377859159228559e-06
-1.240073243305171e-05
-2.066788738841907e-05
-2.6179324025330647e-05
-3.169076066224221e-05
-3.720219729915378e-05
-4.2713633936065354e-05
-4.8225070572976926e-05
-5.6492225528344285e-05
-6.475938048371164e-05
-7.85379720759906e-05
-8.956084534981374e-05
-9.507228198672531e-05
-9.78280003051811e-05
-9.507228198672531e-05
-9.507228198672531e-05
-9.231656366826955e-05
-7.57822537575348e-05
-5.9247943846800084e-05
-4.8225070572976926e-05
-4.2713633936065354e-05
-5.098078889143272e-05
-5.9247943846800084e-05
-6.475938048371164e-05
-5.6492225528344285e-05
-3.720219729915378e-05
-2.6179324025330647e-05
-9.64501411459592e-06
1.3778591592272275e-06
4.133577477683014e-06
1.3778591592272275e-06
-1.240073243305171e-05
-2.066788738841907e-05
-2.342360570687485e-05
-4.2713633936065354e-05
-6.200366216525588e-05
-7.85379720759906e-05
-9.231656366826955e-05
-0.00010058371862363688
-0.00010333943694209268
-9.507228198672531e-05
-8.956084534981374e-05
-8.956084534981374e-05
-8.680512703135793e-05
-8.680512703135793e-05
-8.404940871290214e-05
-8.404940871290214e-05
-8.680512703135793e-05
-8.404940871290214e-05
-9.231656366826955e-05
-9.78280003051811e-05
-0.00010885087357900426
-0.0001336523384451063
-0.00011160659189746003
-3.995791561760957e-05
9.23165636682682e-05
0.0002824611276417174
0.0004340256351567857
0.0004615828183413437
0.0003375754940108332
0.00016672095826657444
5.649222552834297e-05
-0.00011160659189746003
-0.00032655262073701135
-0.000447804226749066
-0.0003899341420614945
-0.0002686825360494398
-0.0001584538033112084
-9.507228198672531e-05
-7.85379720759906e-05
-7.302653543907902e-05
-6.475938048371164e-05
-5.9247943846800084e-05
-5.3736507209888505e-05
-5.3736507209888505e-05
-5.098078889143272e-05
-4.8225070572976926e-05
-4.8225070572976926e-05
-3.720219729915378e-05
-3.169076066224221e-05
-2.6179324025330647e-05
-1.7912169069963278e-05
-2.066788738841907e-05
-1.7912169069963278e-05
-1.5156450751507488e-05
-1.7912169069963278e-05
-1.7912169069963278e-05
-1.7912169069963278e-05
-1.7912169069963278e-05
-1.5156450751507488e-05
-1.240073243305171e-05
-9.64501411459592e-06
-9.64501411459592e-06
-6.889295796140132e-06
-1.377859159228559e-06
4.133577477683014e-06
9.64501411459459e-06
1.5156450751506162e-05
1.7912169069961946e-05
2.6179324025329308e-05
3.444647898069667e-05
4.546935225451981e-05
5.9247943846798756e-05
7.30265354390777e-05
8.68051270313566e-05
0.00010058371862363556
0.00011436231021591448
0.0001253851834897376
0.00013365233844510492
0.00014467521171892812
0.0001556980849927513
0.00016396523994811866
0.00017498811322194178
0.00018049954985885336
0.00017774383154039756
0.00017774383154039756
0.000172232394903486
0.0001694766765850302
0.00016672095826657444
0.00015845380331120705
0.00014191949340047234
0.00013916377508201656
0.00012814090180819342
0.00011711802853437029
0.00011160659189745871
0.00010609515526054714
0.00010058371862363556
9.782800030517979e-05
9.507228198672396e-05
8.68051270313566e-05
7.578225375753347e-05
6.475938048371032e-05
5.9247943846798756e-05
4.82250705729756e-05
3.720219729915245e-05
2.6179324025329308e-05
1.2400732433050376e-05
9.64501411459459e-06
1.3778591592272275e-06
-6.889295796140132e-06
-1.240073243305171e-05
-2.066788738841907e-05
-2.6179324025330647e-05
-3.4446478980697995e-05
-4.8225070572976926e-05
-5.6492225528344285e-05
-7.027081712062322e-05
-7.57822537575348e-05
-7.57822537575348e-05
-8.404940871290214e-05
-8.680512703135793e-05
-8.129369039444639e-05
-7.027081712062322e-05
-5.3736507209888505e-05
-4.5469352254521147e-05
-3.720219729915378e-05
-3.720219729915378e-05
-4.2713633936065354e-05
-4.2713633936065354e-05
-3.995791561760957e-05
-2.8935042343786426e-05
-9.64501411459592e-06
6.8892957961388014e-06
2.6179324025329308e-05
2.6179324025329308e-05
1.7912169069961946e-05
1.3778591592272275e-06
-4.133577477684346e-06
-1.377859159228559e-06
-1.5156450751507488e-05
-3.995791561760957e-05
-6.200366216525588e-05
-8.404940871290214e-05
-8.956084534981374e-05
-8.680512703135793e-05
-8.680512703135793e-05
-8.404940871290214e-05
-8.129369039444639e-05
-7.85379720759906e-05
-7.302653543907902e-05
-7.302653543907902e-05
-7.57822537575348e-05
-7.85379720759906e-05
-8.129369039444639e-05
-7.57822537575348e-05
-8.404940871290214e-05
-0.00010333943694209268
-0.00012814090180819475
-0.0001198737468528274
-5.6492225528344285e-05
5.649222552834297e-05
0.00024388107118333642
0.00042575848020141833
0.0004974071564812689
0.00041197988860913943
0.00022459104295414594
0.00010058371862363556
-5.3736507209888505e-05
-0.00029348400091554195
-0.00046433853665980087
-0.00043953707179369863
-0.00032655262073701135
-0.0002080567330434125
-0.0001171180285343716
-7.57822537575348e-05
-6.751509880216745e-05
-6.200366216525588e-05
-6.200366216525588e-05
-5.6492225528344285e-05
-5.3736507209888505e-05
-5.6492225528344285e-05
-5.6492225528344285e-05
-5.3736507209888505e-05
-5.3736507209888505e-05
-4.5469352254521147e-05
-3.995791561760957e-05
-3.995791561760957e-05
-3.720219729915378e-05
-3.720219729915378e-05
-3.4446478980697995e-05
-3.4446478980697995e-05
-3.169076066224221e-05
-2.6179324025330647e-05
-2.6179324025330647e-05
-2.342360570687485e-05
-1.7912169069963278e-05
-1.5156450751507488e-05
-9.64501411459592e-06
-9.64501411459592e-06
-1.377859159228559e-06
4.133577477683014e-06
4.133577477683014e-06
1.2400732433050376e-05
1.7912169069961946e-05
3.169076066224089e-05
4.546935225451981e-05
5.373650720988717e-05
6.475938048371032e-05
7.578225375753347e-05
8.956084534981241e-05
0.00010609515526054714
0.00011436231021591448
0.00012814090180819342
0.00014191949340047234
0.00015294236667429551
0.00016120952162966288
0.00016672095826657444
0.00016672095826657444
0.000172232394903486
0.0001694766765850302
0.0001694766765850302
0.00016672095826657444
0.00016120952162966288
0.00015294236667429551
0.00014467521171892812
0.00013640805676356078
0.00011711802853437029
0.00011436231021591448
0.00010333943694209132
9.507228198672396e-05
9.23165636682682e-05
8.68051270313566e-05
7.853797207598924e-05
6.751509880216611e-05
5.649222552834297e-05
5.649222552834297e-05
4.82250705729756e-05
3.9957915617608246e-05
3.444647898069667e-05
2.066788738841773e-05
1.2400732433050376e-05
1.3778591592272275e-06
-9.64501411459592e-06
-1.7912169069963278e-05
-2.6179324025330647e-05
-2.8935042343786426e-05
-3.4446478980697995e-05
-4.2713633936065354e-05
-4.8225070572976926e-05
-5.9247943846800084e-05
-6.751509880216745e-05
-7.302653543907902e-05
-8.129369039444639e-05
-8.404940871290214e-05
-8.956084534981374e-05
-9.507228198672531e-05
-8.956084534981374e-05
-8.129369039444639e-05
-6.751509880216745e-05
-5.9247943846800084e-05
-5.3736507209888505e-05
-4.8225070572976926e-05
-5.3736507209888505e-05
-5.9247943846800084e-05
-5.6492225528344285e-05
-4.5469352254521147e-05
-2.342360570687485e-05
-6.889295796140132e-06
4.133577477683014e-06
1.2400732433050376e-05
1.2400732433050376e-05
9.64501411459459e-06
-1.377859159228559e-06
-9.64501411459592e-06
-1.5156450751507488e-05
-3.169076066224221e-05
-5.098078889143272e-05
-7.302653543907902e-05
-8.956084534981374e-05
-9.231656366826955e-05
-9.231656366826955e-05
-8.956084534981374e-05
-8.956084534981374e-05
-8.680512703135793e-05
-8.404940871290214e-05
-8.404940871290214e-05
-8.404940871290214e-05
-7.85379720759906e-05
-7.85379720759906e-05
-7.85379720759906e-05
-8.129369039444639e-05
-8.956084534981374e-05
-0.00010885087357900426
-0.00013089662012665053
-9.78280003051811e-05
-1.5156450751507488e-05
0.00013365233844510492
0.0003430869306477448
0.0004863842832074457
0.0004918957198443572
0.000340331212329289
0.000172232394903486
6.475938048371032e-05
-0.00012814090180819475
-0.00036237695887693665
-0.0004615828183413449
-0.0003871784237430386
-0.00026592681773098404
-0.0001584538033112084
-9.231656366826955e-05
-6.751509880216745e-05
-5.9247943846800084e-05
-4.8225070572976926e-05
-4.8225070572976926e-05
-4.8225070572976926e-05
-5.3736507209888505e-05
-5.6492225528344285e-05
-5.098078889143272e-05
-5.098078889143272e-05
-4.8225070572976926e-05
-3.995791561760957e-05
-3.4446478980697995e-05
-3.169076066224221e-05
-2.8935042343786426e-05
-3.169076066224221e-05
-3.4446478980697995e-05
-3.720219729915378e-05
-3.169076066224221e-05
-2.6179324025330647e-05
-2.6179324025330647e-05
-2.342360570687485e-05
-2.6179324025330647e-05
-2.066788738841907e-05
-1.240073243305171e-05
-6.889295796140132e-06
-1.377859159228559e-06
1.3778591592272275e-06
6.8892957961388014e-06
1.2400732433050376e-05
1.5156450751506162e-05
2.6179324025329308e-05
3.9957915617608246e-05
5.098078889143139e-05
6.751509880216611e-05
7.853797207598924e-05
8.68051270313566e-05
0.00010333943694209132
0.00011436231021591448
0.00013365233844510492
0.00014743093003738393
0.00015845380331120705
0.0001694766765850302
0.000172232394903486
0.00017498811322194178
0.00017774383154039756
0.00017774383154039756
0.00018049954985885336
0.00017498811322194178
0.0001694766765850302
0.00016672095826657444
0.0001556980849927513
0.00015018664835583973
0.00013640805676356078
0.00011987374685282605
0.00010885087357900291
0.00010058371862363556
9.507228198672396e-05
8.68051270313566e-05
8.68051270313566e-05
8.129369039444505e-05
7.02708171206219e-05
5.9247943846798756e-05
4.546935225451981e-05
3.9957915617608246e-05
3.169076066224089e-05
1.7912169069961946e-05
6.8892957961388014e-06
-4.133577477684346e-06
-1.5156450751507488e-05
-2.066788738841907e-05
-2.8935042343786426e-05
-3.169076066224221e-05
-3.995791561760957e-05
-4.8225070572976926e-05
-5.9247943846800084e-05
-7.027081712062322e-05
-7.57822537575348e-05
-8.129369039444639e-05
-8.680512703135793e-05
-8.680512703135793e-05
-9.507228198672531e-05
-9.78280003051811e-05
-9.507228198672531e-05
-9.507228198672531e-05
-8.404940871290214e-05
-7.027081712062322e-05
-5.3736507209888505e-05
-4.2713633936065354e-05
-4.2713633936065354e-05
-4.8225070572976926e-05
-5.098078889143272e-05
-4.8225070572976926e-05
-3.4446478980697995e-05
-1.7912169069963278e-05
1.3778591592272275e-06
1.7912169069961946e-05
2.066788738841773e-05
2.066788738841773e-05
6.8892957961388014e-06
-1.377859159228559e-06
-1.377859159228559e-06
-1.240073243305171e-05
-3.169076066224221e-05
-5.9247943846800084e-05
-7.85379720759906e-05
-8.680512703135793e-05
-9.231656366826955e-05
-9.231656366826955e-05
-9.231656366826955e-05
-8.956084534981374e-05
-8.129369039444639e-05
-7.85379720759906e-05
-7.57822537575348e-05
-7.57822537575348e-05
